110.000 0.071
120.000 0.091
130.000 0.073
140.000 0.064
150.000 0.069
160.000 0.055
170.000 0.069
180.000 0.067
190.000 0.058
200.000 0.046
210.000 0.043
220.000 0.040
230.000 0.039
240.000 0.036
250.000 0.035
260.000 0.033
270.000 0.032
280.000 0.031
290.000 0.031
300.000 0.030
310.000 0.029
320.000 0.029
330.000 0.029
340.000 0.029
350.000 0.028
360.000 0.029
370.000 0.029
380.000 0.029
390.000 0.030
400.000 0.031
410.000 0.033
420.000 0.034
430.000 0.037
440.000 0.040
450.000 0.041
460.000 0.040
470.000 0.039
480.000 0.035
490.000 0.033
500.000 0.030
510.000 0.026
520.000 0.025
530.000 0.023
540.000 0.022
550.000 0.020
560.000 0.020
570.000 0.019
580.000 0.018
590.000 0.018
600.000 0.017
610.000 0.016
620.000 0.017
630.000 0.016
640.000 0.015
650.000 0.015
660.000 0.015
670.000 0.014
680.000 0.014
690.000 0.014
700.000 0.013
710.000 0.013
720.000 0.013
730.000 0.013
740.000 0.013
750.000 0.012
760.000 0.012
770.000 0.012
780.000 0.012
790.000 0.012
800.000 0.012
810.000 0.012
820.000 0.011
830.000 0.011
840.000 0.011
850.000 0.012
860.000 0.010
870.000 0.011
880.000 0.010
890.000 0.011
900.000 0.010
910.000 0.010
920.000 0.010
930.000 0.010
940.000 0.010
950.000 0.010
960.000 0.009
970.000 0.010
980.000 0.010
990.000 0.009
1000.000 0.009
1010.000 0.009
1020.000 0.009
1030.000 0.009
1040.000 0.009
1050.000 0.009
1060.000 0.009
1070.000 0.009
1080.000 0.009
1090.000 0.008
1100.000 0.009
1110.000 0.008
1120.000 0.008
1130.000 0.008
1140.000 0.008
1150.000 0.008
1160.000 0.008
1170.000 0.008
1180.000 0.008
1190.000 0.009
1200.000 0.008
1210.000 0.008
1220.000 0.008
1230.000 0.008
1240.000 0.008
1250.000 0.007
1260.000 0.008
1270.000 0.009
1280.000 0.007
1290.000 0.008
1300.000 0.008
1310.000 0.008
1320.000 0.008
1330.000 0.008
1340.000 0.008
1350.000 0.008
1360.000 0.007
1370.000 0.007
1380.000 0.008
1390.000 0.008
1400.000 0.007
1410.000 0.008
1420.000 0.008
1430.000 0.008
1440.000 0.007
1450.000 0.007
1460.000 0.008
1470.000 0.008
1480.000 0.007
1490.000 0.007
1500.000 0.008
1510.000 0.008
1520.000 0.009
1530.000 0.008
1540.000 0.008
1550.000 0.009
1560.000 0.009
1570.000 0.010
1580.000 0.010
1590.000 0.011
1600.000 0.010
1610.000 0.011
1620.000 0.010
1630.000 0.010
1640.000 0.011
1650.000 0.011
1660.000 0.011
1670.000 0.012
1680.000 0.012
1690.000 0.012
1700.000 0.012
1710.000 0.014
1720.000 0.014
1730.000 0.015
1740.000 0.016
1750.000 0.016
1760.000 0.016
1770.000 0.017
1780.000 0.018
1790.000 0.019
1800.000 0.020
1810.000 0.020
1820.000 0.021
1830.000 0.021
1840.000 0.021
1850.000 0.022
1860.000 0.023
1870.000 0.023
1880.000 0.023
1890.000 0.023
1900.000 0.023
1910.000 0.022
1920.000 0.023
1930.000 0.023
1940.000 0.023
1950.000 0.022
1960.000 0.022
1970.000 0.022
1980.000 0.022
1990.000 0.021
2000.000 0.021
2010.000 0.021
2020.000 0.021
2030.000 0.021
2040.000 0.021
2050.000 0.021
2060.000 0.022
2070.000 0.022
2080.000 0.022
2090.000 0.022
2100.000 0.023
2110.000 0.023
2120.000 0.023
2130.000 0.024
2140.000 0.025
2150.000 0.027
2160.000 0.027
2170.000 0.028
2180.000 0.030
2190.000 0.032
2200.000 0.035
2210.000 0.037
2220.000 0.041
2230.000 0.048
2240.000 0.051
2250.000 0.062
2260.000 0.072
2270.000 0.096
2280.000 0.147
2290.000 0.196
2300.000 0.291
2310.000 0.202
2320.000 0.100
2330.000 0.068
2340.000 0.058
2350.000 0.044
2360.000 0.038
2370.000 0.031
2380.000 0.026
2390.000 0.023
2400.000 0.020
2410.000 0.019
2420.000 0.017
2430.000 0.014
2440.000 0.013
2450.000 0.012
2460.000 0.012
2470.000 0.011
2480.000 0.010
2490.000 0.009
2500.000 0.009
2510.000 0.008
2520.000 0.007
2530.000 0.006
2540.000 0.006
2550.000 0.006
2560.000 0.006
2570.000 0.005
2580.000 0.005
2590.000 0.005
2600.000 0.005
2610.000 0.005
2620.000 0.004
2630.000 0.005
2640.000 0.004
2650.000 0.004
2660.000 0.004
2670.000 0.004
2680.000 0.004
2690.000 0.004
2700.000 0.004
2710.000 0.004
2720.000 0.005
2730.000 0.005
2740.000 0.004
2750.000 0.005
2760.000 0.005
2770.000 0.005
2780.000 0.005
2790.000 0.006
2800.000 0.006
2810.000 0.006
2820.000 0.006
2830.000 0.007
2840.000 0.007
2850.000 0.008
2860.000 0.008
2870.000 0.009
2880.000 0.009
2890.000 0.010
2900.000 0.010
2910.000 0.010
2920.000 0.010
2930.000 0.011
2940.000 0.012
2950.000 0.012
2960.000 0.013
2970.000 0.013
2980.000 0.014
2990.000 0.014
3000.000 0.015
3010.000 0.015
3020.000 0.016
3030.000 0.016
3040.000 0.016
3050.000 0.017
3060.000 0.017
3070.000 0.018
3080.000 0.018
3090.000 0.018
3100.000 0.018
3110.000 0.019
3120.000 0.019
3130.000 0.019
3140.000 0.020
3150.000 0.020
3160.000 0.020
3170.000 0.021
3180.000 0.020
3190.000 0.021
3200.000 0.021
3210.000 0.021
3220.000 0.021
3230.000 0.021
3240.000 0.022
3250.000 0.022
3260.000 0.022
3270.000 0.022
3280.000 0.023
3290.000 0.023
3300.000 0.023
3310.000 0.023
3320.000 0.024
3330.000 0.024
3340.000 0.024
3350.000 0.025
3360.000 0.026
3370.000 0.026
3380.000 0.026
3390.000 0.027
3400.000 0.028
3410.000 0.028
3420.000 0.030
3430.000 0.029
3440.000 0.031
3450.000 0.032
3460.000 0.032
3470.000 0.034
3480.000 0.035
3490.000 0.037
3500.000 0.039
3510.000 0.040
3520.000 0.042
3530.000 0.044
3540.000 0.048
3550.000 0.051
3560.000 0.053
3570.000 0.059
3580.000 0.063
3590.000 0.070
3600.000 0.081
3610.000 0.087
3620.000 0.104
3630.000 0.115
3640.000 0.147
3650.000 0.203
3660.000 0.248
3670.000 0.403
3680.000 0.509
3690.000 0.596
3700.000 0.261
3710.000 0.207
3720.000 0.144
3730.000 0.125
3740.000 0.098
3750.000 0.082
3760.000 0.074
3770.000 0.064
3780.000 0.060
3790.000 0.053
3800.000 0.047
3810.000 0.045
3820.000 0.041
3830.000 0.039
3840.000 0.036
3850.000 0.034
3860.000 0.033
3870.000 0.030
3880.000 0.029
3890.000 0.027
3900.000 0.025
3910.000 0.024
3920.000 0.023
3930.000 0.023
3940.000 0.021
3950.000 0.021
3960.000 0.020
3970.000 0.020
3980.000 0.018
3990.000 0.019
4000.000 0.018
4010.000 0.017
4020.000 0.016
4030.000 0.017
4040.000 0.016
4050.000 0.016
4060.000 0.016
4070.000 0.015
4080.000 0.015
4090.000 0.015
4100.000 0.014
4110.000 0.014
4120.000 0.014
4130.000 0.014
4140.000 0.014
4150.000 0.014
4160.000 0.013
4170.000 0.013
4180.000 0.013
4190.000 0.013
4200.000 0.013
4210.000 0.012
4220.000 0.012
4230.000 0.012
4240.000 0.012
4250.000 0.012
4260.000 0.012
4270.000 0.012
4280.000 0.012
4290.000 0.012
4300.000 0.012
4310.000 0.012
4320.000 0.011
4330.000 0.011
4340.000 0.011
4350.000 0.011
4360.000 0.011
4370.000 0.010
4380.000 0.010
4390.000 0.010
4400.000 0.009
4410.000 0.009
4420.000 0.010
4430.000 0.009
4440.000 0.009
4450.000 0.010
4460.000 0.010
4470.000 0.010
4480.000 0.010
4490.000 0.010
4500.000 0.011
4510.000 0.011
4520.000 0.011
4530.000 0.011
4540.000 0.012
4550.000 0.012
4560.000 0.013
4570.000 0.013
4580.000 0.013
4590.000 0.013
4600.000 0.013
4610.000 0.014
4620.000 0.014
4630.000 0.014
4640.000 0.015
4650.000 0.015
4660.000 0.016
4670.000 0.016
4680.000 0.018
4690.000 0.018
4700.000 0.019
4710.000 0.019
4720.000 0.020
4730.000 0.021
4740.000 0.022
4750.000 0.023
4760.000 0.025
4770.000 0.027
4780.000 0.029
4790.000 0.031
4800.000 0.033
4810.000 0.036
4820.000 0.038
4830.000 0.042
4840.000 0.047
4850.000 0.054
4860.000 0.058
4870.000 0.063
4880.000 0.075
4890.000 0.091
4900.000 0.101
4910.000 0.131
4920.000 0.151
4930.000 0.212
4940.000 0.309
4950.000 0.408
4960.000 0.808
4970.000 0.603
4980.000 0.301
4990.000 0.222
5000.000 0.183
5010.000 0.147
5020.000 0.136
5030.000 0.117
5040.000 0.103
5050.000 0.098
5060.000 0.089
5070.000 0.085
5080.000 0.079
5090.000 0.073
5100.000 0.071
5110.000 0.067
5120.000 0.066
5130.000 0.062
5140.000 0.059
5150.000 0.058
5160.000 0.055
5170.000 0.055
5180.000 0.052
5190.000 0.049
5200.000 0.049
5210.000 0.047
5220.000 0.047
5230.000 0.045
5240.000 0.043
5250.000 0.042
5260.000 0.041
5270.000 0.041
5280.000 0.039
5290.000 0.038
5300.000 0.038
5310.000 0.036
5320.000 0.036
5330.000 0.035
5340.000 0.034
5350.000 0.034
5360.000 0.033
5370.000 0.032
5380.000 0.031
5390.000 0.031
5400.000 0.030
5410.000 0.030
5420.000 0.029
5430.000 0.030
5440.000 0.029
5450.000 0.028
5460.000 0.028
5470.000 0.028
5480.000 0.028
5490.000 0.027
5500.000 0.027
5510.000 0.027
5520.000 0.027
5530.000 0.026
5540.000 0.027
5550.000 0.026
5560.000 0.026
5570.000 0.026
5580.000 0.026
5590.000 0.025
5600.000 0.025
5610.000 0.025
5620.000 0.026
5630.000 0.025
5640.000 0.026
5650.000 0.025
5660.000 0.026
5670.000 0.025
5680.000 0.026
5690.000 0.026
5700.000 0.026
5710.000 0.026
5720.000 0.026
5730.000 0.026
5740.000 0.028
5750.000 0.027
5760.000 0.028
5770.000 0.027
5780.000 0.028
5790.000 0.029
5800.000 0.029
5810.000 0.030
5820.000 0.030
5830.000 0.031
5840.000 0.031
5850.000 0.032
5860.000 0.033
5870.000 0.033
5880.000 0.034
5890.000 0.035
5900.000 0.036
5910.000 0.037
5920.000 0.038
5930.000 0.039
5940.000 0.041
5950.000 0.042
5960.000 0.044
5970.000 0.045
5980.000 0.048
5990.000 0.049
6000.000 0.052
6010.000 0.056
6020.000 0.058
6030.000 0.063
6040.000 0.065
6050.000 0.071
6060.000 0.078
6070.000 0.082
6080.000 0.091
6090.000 0.097
6100.000 0.111
6110.000 0.129
6120.000 0.140
6130.000 0.170
6140.000 0.189
6150.000 0.241
6160.000 0.309
6170.000 0.347
6180.000 0.439
6190.000 0.515
6200.000 0.613
6210.000 0.327
6220.000 0.266
6230.000 0.194
6240.000 0.172
6250.000 0.140
6260.000 0.119
6270.000 0.111
6280.000 0.097
6290.000 0.091
6300.000 0.082
6310.000 0.076
6320.000 0.072
6330.000 0.067
6340.000 0.065
6350.000 0.061
6360.000 0.057
6370.000 0.057
6380.000 0.055
6390.000 0.054
6400.000 0.053
6410.000 0.050
6420.000 0.050
6430.000 0.049
6440.000 0.049
6450.000 0.050
6460.000 0.052
6470.000 0.052
6480.000 0.056
6490.000 0.059
6500.000 0.069
6510.000 0.090
6520.000 0.112
6530.000 0.209
6540.000 0.269
6550.000 0.057
6560.000 0.030
6570.000 0.014
6580.000 0.003
6590.000 0.004
6600.000 0.008
6610.000 0.011
6620.000 0.011
6630.000 0.013
6640.000 0.013
6650.000 0.014
6660.000 0.015
6670.000 0.015
6680.000 0.016
6690.000 0.016
6700.000 0.016
6710.000 0.016
6720.000 0.017
6730.000 0.017
6740.000 0.017
6750.000 0.017
6760.000 0.017
6770.000 0.017
6780.000 0.018
6790.000 0.018
6800.000 0.018
6810.000 0.018
6820.000 0.018
6830.000 0.018
6840.000 0.019
6850.000 0.019
6860.000 0.019
6870.000 0.019
6880.000 0.020
6890.000 0.020
6900.000 0.020
6910.000 0.020
6920.000 0.020
6930.000 0.021
6940.000 0.021
6950.000 0.022
6960.000 0.022
6970.000 0.023
6980.000 0.023
6990.000 0.024
7000.000 0.024
7010.000 0.025
7020.000 0.025
7030.000 0.026
7040.000 0.026
7050.000 0.027
7060.000 0.028
7070.000 0.029
7080.000 0.030
7090.000 0.030
7100.000 0.031
7110.000 0.032
7120.000 0.033
7130.000 0.035
7140.000 0.036
7150.000 0.038
7160.000 0.039
7170.000 0.041
7180.000 0.044
7190.000 0.044
7200.000 0.047
7210.000 0.049
7220.000 0.052
7230.000 0.057
7240.000 0.060
7250.000 0.065
7260.000 0.068
7270.000 0.075
7280.000 0.084
7290.000 0.089
7300.000 0.102
7310.000 0.110
7320.000 0.130
7330.000 0.159
7340.000 0.178
7350.000 0.231
7360.000 0.270
7370.000 0.387
7380.000 0.547
7390.000 0.596
7400.000 0.461
7410.000 0.360
7420.000 0.247
7430.000 0.189
7440.000 0.153
7450.000 0.139
7460.000 0.128
7470.000 0.109
7480.000 0.096
7490.000 0.090
7500.000 0.082
7510.000 0.078
7520.000 0.071
7530.000 0.066
7540.000 0.063
7550.000 0.059
7560.000 0.057
7570.000 0.054
7580.000 0.051
7590.000 0.050
7600.000 0.048
7610.000 0.046
7620.000 0.044
7630.000 0.043
7640.000 0.042
7650.000 0.041
7660.000 0.040
7670.000 0.039
7680.000 0.038
7690.000 0.037
7700.000 0.037
7710.000 0.037
7720.000 0.036
7730.000 0.035
7740.000 0.035
7750.000 0.035
7760.000 0.035
7770.000 0.034
7780.000 0.034
7790.000 0.034
7800.000 0.034
7810.000 0.034
7820.000 0.034
7830.000 0.035
7840.000 0.035
7850.000 0.035
7860.000 0.035
7870.000 0.036
7880.000 0.037
7890.000 0.037
7900.000 0.039
7910.000 0.040
7920.000 0.042
7930.000 0.045
7940.000 0.047
7950.000 0.053
7960.000 0.056
7970.000 0.067
7980.000 0.086
7990.000 0.105
8000.000 0.181
