110.000 0.099
120.000 0.082
130.000 0.071
140.000 0.065
150.000 0.055
160.000 0.056
170.000 0.055
180.000 0.047
190.000 0.059
200.000 0.041
210.000 0.045
220.000 0.039
230.000 0.040
240.000 0.035
250.000 0.035
260.000 0.034
270.000 0.034
280.000 0.030
290.000 0.033
300.000 0.030
310.000 0.030
320.000 0.030
330.000 0.030
340.000 0.029
350.000 0.029
360.000 0.029
370.000 0.029
380.000 0.030
390.000 0.030
400.000 0.031
410.000 0.033
420.000 0.035
430.000 0.037
440.000 0.039
450.000 0.041
460.000 0.042
470.000 0.039
480.000 0.036
490.000 0.032
500.000 0.030
510.000 0.026
520.000 0.025
530.000 0.024
540.000 0.021
550.000 0.021
560.000 0.020
570.000 0.019
580.000 0.018
590.000 0.018
600.000 0.017
610.000 0.016
620.000 0.016
630.000 0.015
640.000 0.016
650.000 0.015
660.000 0.015
670.000 0.014
680.000 0.014
690.000 0.013
700.000 0.014
710.000 0.013
720.000 0.013
730.000 0.014
740.000 0.013
750.000 0.013
760.000 0.012
770.000 0.012
780.000 0.012
790.000 0.011
800.000 0.012
810.000 0.011
820.000 0.011
830.000 0.011
840.000 0.011
850.000 0.011
860.000 0.011
870.000 0.011
880.000 0.011
890.000 0.010
900.000 0.010
910.000 0.010
920.000 0.010
930.000 0.010
940.000 0.010
950.000 0.010
960.000 0.009
970.000 0.010
980.000 0.010
990.000 0.009
1000.000 0.009
1010.000 0.010
1020.000 0.009
1030.000 0.009
1040.000 0.009
1050.000 0.009
1060.000 0.009
1070.000 0.009
1080.000 0.009
1090.000 0.009
1100.000 0.008
1110.000 0.009
1120.000 0.008
1130.000 0.009
1140.000 0.008
1150.000 0.009
1160.000 0.009
1170.000 0.008
1180.000 0.008
1190.000 0.008
1200.000 0.008
1210.000 0.008
1220.000 0.008
1230.000 0.008
1240.000 0.008
1250.000 0.008
1260.000 0.008
1270.000 0.007
1280.000 0.007
1290.000 0.008
1300.000 0.007
1310.000 0.008
1320.000 0.008
1330.000 0.008
1340.000 0.007
1350.000 0.008
1360.000 0.007
1370.000 0.007
1380.000 0.008
1390.000 0.008
1400.000 0.008
1410.000 0.007
1420.000 0.008
1430.000 0.007
1440.000 0.007
1450.000 0.008
1460.000 0.007
1470.000 0.007
1480.000 0.007
1490.000 0.007
1500.000 0.007
1510.000 0.008
1520.000 0.008
1530.000 0.009
1540.000 0.008
1550.000 0.008
1560.000 0.009
1570.000 0.009
1580.000 0.008
1590.000 0.009
1600.000 0.010
1610.000 0.009
1620.000 0.010
1630.000 0.010
1640.000 0.011
1650.000 0.010
1660.000 0.011
1670.000 0.010
1680.000 0.011
1690.000 0.013
1700.000 0.012
1710.000 0.012
1720.000 0.013
1730.000 0.012
1740.000 0.013
1750.000 0.015
1760.000 0.015
1770.000 0.015
1780.000 0.016
1790.000 0.016
1800.000 0.017
1810.000 0.017
1820.000 0.018
1830.000 0.019
1840.000 0.019
1850.000 0.019
1860.000 0.020
1870.000 0.021
1880.000 0.019
1890.000 0.020
1900.000 0.019
1910.000 0.019
1920.000 0.019
1930.000 0.020
1940.000 0.019
1950.000 0.019
1960.000 0.018
1970.000 0.018
1980.000 0.019
1990.000 0.018
2000.000 0.018
2010.000 0.018
2020.000 0.019
2030.000 0.017
2040.000 0.018
2050.000 0.018
2060.000 0.017
2070.000 0.017
2080.000 0.017
2090.000 0.018
2100.000 0.018
2110.000 0.018
2120.000 0.018
2130.000 0.019
2140.000 0.020
2150.000 0.021
2160.000 0.020
2170.000 0.022
2180.000 0.024
2190.000 0.024
2200.000 0.027
2210.000 0.029
2220.000 0.030
2230.000 0.033
2240.000 0.036
2250.000 0.044
2260.000 0.053
2270.000 0.063
2280.000 0.089
2290.000 0.112
2300.000 0.188
2310.000 0.121
2320.000 0.112
2330.000 0.062
2340.000 0.050
2350.000 0.035
2360.000 0.027
2370.000 0.024
2380.000 0.020
2390.000 0.018
2400.000 0.015
2410.000 0.014
2420.000 0.013
2430.000 0.011
2440.000 0.010
2450.000 0.009
2460.000 0.009
2470.000 0.008
2480.000 0.007
2490.000 0.007
2500.000 0.006
2510.000 0.007
2520.000 0.006
2530.000 0.005
2540.000 0.005
2550.000 0.005
2560.000 0.004
2570.000 0.004
2580.000 0.004
2590.000 0.003
2600.000 0.004
2610.000 0.003
2620.000 0.003
2630.000 0.003
2640.000 0.003
2650.000 0.002
2660.000 0.003
2670.000 0.003
2680.000 0.002
2690.000 0.002
2700.000 0.002
2710.000 0.002
2720.000 0.002
2730.000 0.002
2740.000 0.002
2750.000 0.002
2760.000 0.002
2770.000 0.002
2780.000 0.003
2790.000 0.003
2800.000 0.003
2810.000 0.003
2820.000 0.003
2830.000 0.003
2840.000 0.004
2850.000 0.003
2860.000 0.004
2870.000 0.004
2880.000 0.004
2890.000 0.004
2900.000 0.004
2910.000 0.005
2920.000 0.004
2930.000 0.005
2940.000 0.005
2950.000 0.006
2960.000 0.006
2970.000 0.006
2980.000 0.006
2990.000 0.007
3000.000 0.007
3010.000 0.007
3020.000 0.007
3030.000 0.007
3040.000 0.008
3050.000 0.008
3060.000 0.008
3070.000 0.008
3080.000 0.009
3090.000 0.008
3100.000 0.008
3110.000 0.009
3120.000 0.009
3130.000 0.009
3140.000 0.010
3150.000 0.009
3160.000 0.009
3170.000 0.009
3180.000 0.010
3190.000 0.009
3200.000 0.010
3210.000 0.010
3220.000 0.010
3230.000 0.010
3240.000 0.010
3250.000 0.010
3260.000 0.010
3270.000 0.010
3280.000 0.011
3290.000 0.010
3300.000 0.010
3310.000 0.010
3320.000 0.011
3330.000 0.011
3340.000 0.011
3350.000 0.011
3360.000 0.011
3370.000 0.011
3380.000 0.011
3390.000 0.011
3400.000 0.011
3410.000 0.011
3420.000 0.011
3430.000 0.012
3440.000 0.013
3450.000 0.012
3460.000 0.012
3470.000 0.013
3480.000 0.014
3490.000 0.014
3500.000 0.014
3510.000 0.014
3520.000 0.015
3530.000 0.016
3540.000 0.017
3550.000 0.018
3560.000 0.019
3570.000 0.020
3580.000 0.022
3590.000 0.023
3600.000 0.026
3610.000 0.028
3620.000 0.033
3630.000 0.039
3640.000 0.045
3650.000 0.059
3660.000 0.071
3670.000 0.115
3680.000 0.207
3690.000 0.229
3700.000 0.117
3710.000 0.055
3720.000 0.042
3730.000 0.032
3740.000 0.028
3750.000 0.023
3760.000 0.021
3770.000 0.018
3780.000 0.015
3790.000 0.014
3800.000 0.013
3810.000 0.011
3820.000 0.010
3830.000 0.009
3840.000 0.009
3850.000 0.008
3860.000 0.007
3870.000 0.007
3880.000 0.006
3890.000 0.005
3900.000 0.005
3910.000 0.005
3920.000 0.005
3930.000 0.005
3940.000 0.004
3950.000 0.004
3960.000 0.004
3970.000 0.003
3980.000 0.003
3990.000 0.003
4000.000 0.003
4010.000 0.003
4020.000 0.003
4030.000 0.002
4040.000 0.003
4050.000 0.002
4060.000 0.003
4070.000 0.003
4080.000 0.002
4090.000 0.002
4100.000 0.002
4110.000 0.002
4120.000 0.002
4130.000 0.002
4140.000 0.002
4150.000 0.002
4160.000 0.002
4170.000 0.002
4180.000 0.002
4190.000 0.002
4200.000 0.002
4210.000 0.002
4220.000 0.002
4230.000 0.002
4240.000 0.002
4250.000 0.002
4260.000 0.001
4270.000 0.002
4280.000 0.002
4290.000 0.001
4300.000 0.001
4310.000 0.002
4320.000 0.001
4330.000 0.002
4340.000 0.002
4350.000 0.001
4360.000 0.001
4370.000 0.001
4380.000 0.001
4390.000 0.002
4400.000 0.002
4410.000 0.002
4420.000 0.002
4430.000 0.002
4440.000 0.002
4450.000 0.002
4460.000 0.001
4470.000 0.002
4480.000 0.002
4490.000 0.002
4500.000 0.002
4510.000 0.002
4520.000 0.002
4530.000 0.002
4540.000 0.002
4550.000 0.002
4560.000 0.002
4570.000 0.003
4580.000 0.002
4590.000 0.002
4600.000 0.002
4610.000 0.002
4620.000 0.002
4630.000 0.002
4640.000 0.003
4650.000 0.002
4660.000 0.003
4670.000 0.003
4680.000 0.002
4690.000 0.003
4700.000 0.003
4710.000 0.003
4720.000 0.003
4730.000 0.003
4740.000 0.004
4750.000 0.004
4760.000 0.004
4770.000 0.005
4780.000 0.004
4790.000 0.005
4800.000 0.005
4810.000 0.006
4820.000 0.006
4830.000 0.006
4840.000 0.008
4850.000 0.008
4860.000 0.009
4870.000 0.011
4880.000 0.012
4890.000 0.014
4900.000 0.019
4910.000 0.022
4920.000 0.031
4930.000 0.041
4940.000 0.080
4950.000 0.165
4960.000 0.129
4970.000 0.098
4980.000 0.163
4990.000 0.043
5000.000 0.028
5010.000 0.027
5020.000 0.022
5030.000 0.021
5040.000 0.018
5050.000 0.017
5060.000 0.016
5070.000 0.015
5080.000 0.015
5090.000 0.014
5100.000 0.013
5110.000 0.013
5120.000 0.012
5130.000 0.012
5140.000 0.012
5150.000 0.011
5160.000 0.011
5170.000 0.011
5180.000 0.011
5190.000 0.010
5200.000 0.010
5210.000 0.010
5220.000 0.010
5230.000 0.010
5240.000 0.009
5250.000 0.009
5260.000 0.009
5270.000 0.009
5280.000 0.009
5290.000 0.009
5300.000 0.009
5310.000 0.009
5320.000 0.009
5330.000 0.008
5340.000 0.007
5350.000 0.008
5360.000 0.008
5370.000 0.008
5380.000 0.008
5390.000 0.008
5400.000 0.007
5410.000 0.008
5420.000 0.008
5430.000 0.008
5440.000 0.008
5450.000 0.008
5460.000 0.008
5470.000 0.007
5480.000 0.007
5490.000 0.008
5500.000 0.007
5510.000 0.007
5520.000 0.008
5530.000 0.008
5540.000 0.008
5550.000 0.007
5560.000 0.007
5570.000 0.008
5580.000 0.008
5590.000 0.007
5600.000 0.008
5610.000 0.008
5620.000 0.008
5630.000 0.008
5640.000 0.008
5650.000 0.008
5660.000 0.008
5670.000 0.008
5680.000 0.008
5690.000 0.008
5700.000 0.009
5710.000 0.008
5720.000 0.009
5730.000 0.009
5740.000 0.009
5750.000 0.009
5760.000 0.009
5770.000 0.009
5780.000 0.009
5790.000 0.010
5800.000 0.010
5810.000 0.009
5820.000 0.011
5830.000 0.010
5840.000 0.011
5850.000 0.011
5860.000 0.011
5870.000 0.012
5880.000 0.012
5890.000 0.013
5900.000 0.012
5910.000 0.013
5920.000 0.014
5930.000 0.014
5940.000 0.014
5950.000 0.015
5960.000 0.016
5970.000 0.016
5980.000 0.017
5990.000 0.017
6000.000 0.019
6010.000 0.019
6020.000 0.021
6030.000 0.021
6040.000 0.023
6050.000 0.024
6060.000 0.027
6070.000 0.029
6080.000 0.031
6090.000 0.035
6100.000 0.037
6110.000 0.043
6120.000 0.047
6130.000 0.057
6140.000 0.071
6150.000 0.082
6160.000 0.116
6170.000 0.183
6180.000 0.237
6190.000 0.367
6200.000 0.378
6210.000 0.239
6220.000 0.142
6230.000 0.102
6240.000 0.075
6250.000 0.065
6260.000 0.052
6270.000 0.044
6280.000 0.040
6290.000 0.037
6300.000 0.033
6310.000 0.029
6320.000 0.026
6330.000 0.024
6340.000 0.022
6350.000 0.021
6360.000 0.019
6370.000 0.017
6380.000 0.015
6390.000 0.014
6400.000 0.014
6410.000 0.011
6420.000 0.010
6430.000 0.009
6440.000 0.008
6450.000 0.006
6460.000 0.005
6470.000 0.003
6480.000 0.002
6490.000 0.004
6500.000 0.008
6510.000 0.019
6520.000 0.046
6530.000 0.078
6540.000 0.187
6550.000 0.155
6560.000 0.044
6570.000 0.027
6580.000 0.036
6590.000 0.027
6600.000 0.024
6610.000 0.022
6620.000 0.020
6630.000 0.019
6640.000 0.018
6650.000 0.017
6660.000 0.016
6670.000 0.016
6680.000 0.015
6690.000 0.015
6700.000 0.015
6710.000 0.014
6720.000 0.014
6730.000 0.014
6740.000 0.014
6750.000 0.013
6760.000 0.013
6770.000 0.013
6780.000 0.013
6790.000 0.013
6800.000 0.012
6810.000 0.013
6820.000 0.013
6830.000 0.013
6840.000 0.013
6850.000 0.013
6860.000 0.012
6870.000 0.013
6880.000 0.013
6890.000 0.013
6900.000 0.013
6910.000 0.013
6920.000 0.013
6930.000 0.013
6940.000 0.013
6950.000 0.014
6960.000 0.013
6970.000 0.014
6980.000 0.014
6990.000 0.014
7000.000 0.014
7010.000 0.014
7020.000 0.014
7030.000 0.014
7040.000 0.015
7050.000 0.015
7060.000 0.015
7070.000 0.015
7080.000 0.016
7090.000 0.016
7100.000 0.016
7110.000 0.018
7120.000 0.017
7130.000 0.018
7140.000 0.019
7150.000 0.019
7160.000 0.020
7170.000 0.021
7180.000 0.022
7190.000 0.023
7200.000 0.023
7210.000 0.024
7220.000 0.025
7230.000 0.027
7240.000 0.029
7250.000 0.030
7260.000 0.033
7270.000 0.034
7280.000 0.037
7290.000 0.040
7300.000 0.045
7310.000 0.051
7320.000 0.055
7330.000 0.066
7340.000 0.082
7350.000 0.092
7360.000 0.124
7370.000 0.147
7380.000 0.218
7390.000 0.303
7400.000 0.306
7410.000 0.201
7420.000 0.162
7430.000 0.106
7440.000 0.063
7450.000 0.046
7460.000 0.037
7470.000 0.037
7480.000 0.034
7490.000 0.031
7500.000 0.029
7510.000 0.027
7520.000 0.026
7530.000 0.024
7540.000 0.022
7550.000 0.021
7560.000 0.020
7570.000 0.019
7580.000 0.018
7590.000 0.016
7600.000 0.016
7610.000 0.015
7620.000 0.014
7630.000 0.014
7640.000 0.013
7650.000 0.013
7660.000 0.012
7670.000 0.013
7680.000 0.012
7690.000 0.011
7700.000 0.011
7710.000 0.011
7720.000 0.010
7730.000 0.009
7740.000 0.009
7750.000 0.009
7760.000 0.008
7770.000 0.008
7780.000 0.008
7790.000 0.008
7800.000 0.008
7810.000 0.007
7820.000 0.007
7830.000 0.007
7840.000 0.006
7850.000 0.006
7860.000 0.006
7870.000 0.006
7880.000 0.005
7890.000 0.005
7900.000 0.005
7910.000 0.004
7920.000 0.004
7930.000 0.003
7940.000 0.002
7950.000 0.002
7960.000 0.001
7970.000 0.001
7980.000 0.005
7990.000 0.011
8000.000 0.017
