110.000 0.088
120.000 0.073
130.000 0.058
140.000 0.056
150.000 0.057
160.000 0.052
170.000 0.049
180.000 0.049
190.000 0.051
200.000 0.042
210.000 0.042
220.000 0.043
230.000 0.039
240.000 0.035
250.000 0.033
260.000 0.035
270.000 0.033
280.000 0.031
290.000 0.031
300.000 0.030
310.000 0.031
320.000 0.029
330.000 0.030
340.000 0.029
350.000 0.028
360.000 0.028
370.000 0.028
380.000 0.029
390.000 0.030
400.000 0.031
410.000 0.032
420.000 0.035
430.000 0.036
440.000 0.039
450.000 0.039
460.000 0.039
470.000 0.037
480.000 0.035
490.000 0.031
500.000 0.028
510.000 0.026
520.000 0.024
530.000 0.023
540.000 0.021
550.000 0.020
560.000 0.020
570.000 0.018
580.000 0.018
590.000 0.017
600.000 0.016
610.000 0.016
620.000 0.015
630.000 0.016
640.000 0.015
650.000 0.015
660.000 0.015
670.000 0.014
680.000 0.014
690.000 0.014
700.000 0.014
710.000 0.014
720.000 0.013
730.000 0.013
740.000 0.012
750.000 0.012
760.000 0.012
770.000 0.012
780.000 0.012
790.000 0.012
800.000 0.011
810.000 0.011
820.000 0.011
830.000 0.012
840.000 0.011
850.000 0.011
860.000 0.011
870.000 0.011
880.000 0.010
890.000 0.011
900.000 0.010
910.000 0.010
920.000 0.010
930.000 0.011
940.000 0.010
950.000 0.009
960.000 0.010
970.000 0.010
980.000 0.010
990.000 0.009
1000.000 0.009
1010.000 0.009
1020.000 0.009
1030.000 0.009
1040.000 0.009
1050.000 0.009
1060.000 0.009
1070.000 0.009
1080.000 0.009
1090.000 0.008
1100.000 0.008
1110.000 0.009
1120.000 0.008
1130.000 0.009
1140.000 0.009
1150.000 0.008
1160.000 0.008
1170.000 0.008
1180.000 0.008
1190.000 0.008
1200.000 0.008
1210.000 0.008
1220.000 0.008
1230.000 0.008
1240.000 0.007
1250.000 0.007
1260.000 0.008
1270.000 0.008
1280.000 0.008
1290.000 0.008
1300.000 0.007
1310.000 0.008
1320.000 0.007
1330.000 0.007
1340.000 0.007
1350.000 0.008
1360.000 0.008
1370.000 0.007
1380.000 0.007
1390.000 0.007
1400.000 0.008
1410.000 0.007
1420.000 0.007
1430.000 0.007
1440.000 0.008
1450.000 0.007
1460.000 0.007
1470.000 0.007
1480.000 0.007
1490.000 0.007
1500.000 0.007
1510.000 0.007
1520.000 0.007
1530.000 0.008
1540.000 0.006
1550.000 0.007
1560.000 0.006
1570.000 0.007
1580.000 0.007
1590.000 0.007
1600.000 0.008
1610.000 0.007
1620.000 0.007
1630.000 0.006
1640.000 0.007
1650.000 0.007
1660.000 0.007
1670.000 0.007
1680.000 0.007
1690.000 0.008
1700.000 0.008
1710.000 0.009
1720.000 0.008
1730.000 0.008
1740.000 0.008
1750.000 0.008
1760.000 0.007
1770.000 0.009
1780.000 0.010
1790.000 0.008
1800.000 0.009
1810.000 0.009
1820.000 0.010
1830.000 0.009
1840.000 0.008
1850.000 0.010
1860.000 0.009
1870.000 0.009
1880.000 0.009
1890.000 0.009
1900.000 0.009
1910.000 0.009
1920.000 0.008
1930.000 0.009
1940.000 0.008
1950.000 0.007
1960.000 0.007
1970.000 0.007
1980.000 0.007
1990.000 0.006
2000.000 0.006
2010.000 0.006
2020.000 0.006
2030.000 0.006
2040.000 0.006
2050.000 0.005
2060.000 0.005
2070.000 0.006
2080.000 0.005
2090.000 0.005
2100.000 0.005
2110.000 0.006
2120.000 0.004
2130.000 0.004
2140.000 0.005
2150.000 0.006
2160.000 0.005
2170.000 0.005
2180.000 0.004
2190.000 0.004
2200.000 0.003
2210.000 0.003
2220.000 0.002
2230.000 0.002
2240.000 0.000
2250.000 0.002
2260.000 0.006
2270.000 0.017
2280.000 0.029
2290.000 0.088
2300.000 0.149
2310.000 0.089
2320.000 0.028
2330.000 0.002
2340.000 0.002
2350.000 0.002
2360.000 0.004
2370.000 0.003
2380.000 0.004
2390.000 0.004
2400.000 0.004
2410.000 0.004
2420.000 0.004
2430.000 0.004
2440.000 0.003
2450.000 0.004
2460.000 0.004
2470.000 0.004
2480.000 0.004
2490.000 0.004
2500.000 0.003
2510.000 0.003
2520.000 0.003
2530.000 0.004
2540.000 0.005
2550.000 0.004
2560.000 0.004
2570.000 0.004
2580.000 0.004
2590.000 0.004
2600.000 0.004
2610.000 0.004
2620.000 0.003
2630.000 0.004
2640.000 0.005
2650.000 0.004
2660.000 0.004
2670.000 0.004
2680.000 0.005
2690.000 0.005
2700.000 0.004
2710.000 0.005
2720.000 0.004
2730.000 0.005
2740.000 0.004
2750.000 0.005
2760.000 0.006
2770.000 0.006
2780.000 0.005
2790.000 0.006
2800.000 0.005
2810.000 0.006
2820.000 0.006
2830.000 0.006
2840.000 0.005
2850.000 0.006
2860.000 0.006
2870.000 0.006
2880.000 0.006
2890.000 0.007
2900.000 0.007
2910.000 0.007
2920.000 0.007
2930.000 0.007
2940.000 0.007
2950.000 0.007
2960.000 0.008
2970.000 0.007
2980.000 0.008
2990.000 0.008
3000.000 0.008
3010.000 0.009
3020.000 0.009
3030.000 0.009
3040.000 0.009
3050.000 0.009
3060.000 0.009
3070.000 0.009
3080.000 0.009
3090.000 0.009
3100.000 0.009
3110.000 0.009
3120.000 0.010
3130.000 0.010
3140.000 0.009
3150.000 0.010
3160.000 0.009
3170.000 0.010
3180.000 0.010
3190.000 0.010
3200.000 0.010
3210.000 0.010
3220.000 0.010
3230.000 0.010
3240.000 0.010
3250.000 0.010
3260.000 0.010
3270.000 0.010
3280.000 0.010
3290.000 0.011
3300.000 0.011
3310.000 0.011
3320.000 0.011
3330.000 0.012
3340.000 0.011
3350.000 0.012
3360.000 0.012
3370.000 0.012
3380.000 0.012
3390.000 0.013
3400.000 0.013
3410.000 0.012
3420.000 0.013
3430.000 0.014
3440.000 0.014
3450.000 0.014
3460.000 0.015
3470.000 0.016
3480.000 0.017
3490.000 0.017
3500.000 0.019
3510.000 0.019
3520.000 0.020
3530.000 0.022
3540.000 0.023
3550.000 0.024
3560.000 0.027
3570.000 0.028
3580.000 0.031
3590.000 0.033
3600.000 0.038
3610.000 0.041
3620.000 0.049
3630.000 0.060
3640.000 0.068
3650.000 0.092
3660.000 0.110
3670.000 0.178
3680.000 0.372
3690.000 0.271
3700.000 0.154
3710.000 0.114
3720.000 0.079
3730.000 0.059
3740.000 0.048
3750.000 0.043
3760.000 0.040
3770.000 0.034
3780.000 0.030
3790.000 0.028
3800.000 0.025
3810.000 0.023
3820.000 0.022
3830.000 0.020
3840.000 0.019
3850.000 0.018
3860.000 0.017
3870.000 0.016
3880.000 0.015
3890.000 0.015
3900.000 0.014
3910.000 0.012
3920.000 0.013
3930.000 0.012
3940.000 0.011
3950.000 0.011
3960.000 0.010
3970.000 0.010
3980.000 0.010
3990.000 0.010
4000.000 0.009
4010.000 0.009
4020.000 0.009
4030.000 0.009
4040.000 0.008
4050.000 0.009
4060.000 0.009
4070.000 0.008
4080.000 0.008
4090.000 0.008
4100.000 0.008
4110.000 0.007
4120.000 0.007
4130.000 0.007
4140.000 0.007
4150.000 0.007
4160.000 0.007
4170.000 0.006
4180.000 0.007
4190.000 0.007
4200.000 0.006
4210.000 0.006
4220.000 0.006
4230.000 0.006
4240.000 0.006
4250.000 0.006
4260.000 0.006
4270.000 0.006
4280.000 0.006
4290.000 0.005
4300.000 0.006
4310.000 0.006
4320.000 0.005
4330.000 0.006
4340.000 0.005
4350.000 0.005
4360.000 0.005
4370.000 0.005
4380.000 0.005
4390.000 0.004
4400.000 0.004
4410.000 0.004
4420.000 0.004
4430.000 0.004
4440.000 0.004
4450.000 0.004
4460.000 0.004
4470.000 0.003
4480.000 0.004
4490.000 0.004
4500.000 0.004
4510.000 0.004
4520.000 0.004
4530.000 0.004
4540.000 0.003
4550.000 0.004
4560.000 0.003
4570.000 0.004
4580.000 0.004
4590.000 0.004
4600.000 0.004
4610.000 0.004
4620.000 0.004
4630.000 0.004
4640.000 0.004
4650.000 0.004
4660.000 0.004
4670.000 0.004
4680.000 0.004
4690.000 0.004
4700.000 0.004
4710.000 0.004
4720.000 0.004
4730.000 0.004
4740.000 0.004
4750.000 0.004
4760.000 0.004
4770.000 0.005
4780.000 0.004
4790.000 0.005
4800.000 0.005
4810.000 0.005
4820.000 0.006
4830.000 0.006
4840.000 0.007
4850.000 0.008
4860.000 0.008
4870.000 0.009
4880.000 0.009
4890.000 0.012
4900.000 0.016
4910.000 0.018
4920.000 0.021
4930.000 0.034
4940.000 0.071
4950.000 0.111
4960.000 0.144
4970.000 0.149
4980.000 0.069
4990.000 0.026
5000.000 0.011
5010.000 0.010
5020.000 0.007
5030.000 0.006
5040.000 0.005
5050.000 0.005
5060.000 0.005
5070.000 0.004
5080.000 0.004
5090.000 0.004
5100.000 0.004
5110.000 0.004
5120.000 0.004
5130.000 0.004
5140.000 0.005
5150.000 0.004
5160.000 0.004
5170.000 0.005
5180.000 0.005
5190.000 0.004
5200.000 0.005
5210.000 0.004
5220.000 0.005
5230.000 0.005
5240.000 0.004
5250.000 0.005
5260.000 0.005
5270.000 0.005
5280.000 0.005
5290.000 0.005
5300.000 0.005
5310.000 0.006
5320.000 0.006
5330.000 0.005
5340.000 0.006
5350.000 0.006
5360.000 0.006
5370.000 0.006
5380.000 0.006
5390.000 0.006
5400.000 0.006
5410.000 0.006
5420.000 0.006
5430.000 0.006
5440.000 0.006
5450.000 0.006
5460.000 0.006
5470.000 0.007
5480.000 0.007
5490.000 0.006
5500.000 0.007
5510.000 0.007
5520.000 0.007
5530.000 0.007
5540.000 0.007
5550.000 0.007
5560.000 0.007
5570.000 0.008
5580.000 0.007
5590.000 0.007
5600.000 0.007
5610.000 0.008
5620.000 0.008
5630.000 0.007
5640.000 0.008
5650.000 0.008
5660.000 0.008
5670.000 0.008
5680.000 0.008
5690.000 0.008
5700.000 0.008
5710.000 0.009
5720.000 0.009
5730.000 0.008
5740.000 0.009
5750.000 0.009
5760.000 0.009
5770.000 0.010
5780.000 0.010
5790.000 0.010
5800.000 0.010
5810.000 0.011
5820.000 0.011
5830.000 0.012
5840.000 0.011
5850.000 0.012
5860.000 0.012
5870.000 0.013
5880.000 0.013
5890.000 0.013
5900.000 0.014
5910.000 0.014
5920.000 0.015
5930.000 0.016
5940.000 0.016
5950.000 0.017
5960.000 0.018
5970.000 0.019
5980.000 0.019
5990.000 0.021
6000.000 0.021
6010.000 0.023
6020.000 0.025
6030.000 0.026
6040.000 0.029
6050.000 0.030
6060.000 0.033
6070.000 0.038
6080.000 0.040
6090.000 0.047
6100.000 0.050
6110.000 0.060
6120.000 0.074
6130.000 0.083
6140.000 0.094
6150.000 0.121
6160.000 0.146
6170.000 0.150
6180.000 0.132
6190.000 0.104
6200.000 0.091
6210.000 0.057
6220.000 0.020
6230.000 0.030
6240.000 0.032
6250.000 0.031
6260.000 0.029
6270.000 0.028
6280.000 0.026
6290.000 0.023
6300.000 0.022
6310.000 0.020
6320.000 0.019
6330.000 0.018
6340.000 0.017
6350.000 0.016
6360.000 0.016
6370.000 0.015
6380.000 0.014
6390.000 0.013
6400.000 0.014
6410.000 0.013
6420.000 0.012
6430.000 0.012
6440.000 0.011
6450.000 0.012
6460.000 0.011
6470.000 0.012
6480.000 0.012
6490.000 0.012
6500.000 0.013
6510.000 0.017
6520.000 0.020
6530.000 0.036
6540.000 0.049
6550.000 0.045
6560.000 0.011
6570.000 0.011
6580.000 0.006
6590.000 0.007
6600.000 0.007
6610.000 0.008
6620.000 0.008
6630.000 0.008
6640.000 0.008
6650.000 0.008
6660.000 0.008
6670.000 0.008
6680.000 0.008
6690.000 0.008
6700.000 0.008
6710.000 0.007
6720.000 0.007
6730.000 0.008
6740.000 0.007
6750.000 0.007
6760.000 0.007
6770.000 0.007
6780.000 0.007
6790.000 0.007
6800.000 0.007
6810.000 0.007
6820.000 0.007
6830.000 0.007
6840.000 0.006
6850.000 0.007
6860.000 0.007
6870.000 0.007
6880.000 0.006
6890.000 0.006
6900.000 0.007
6910.000 0.006
6920.000 0.007
6930.000 0.006
6940.000 0.006
6950.000 0.006
6960.000 0.005
6970.000 0.006
6980.000 0.006
6990.000 0.006
7000.000 0.006
7010.000 0.006
7020.000 0.006
7030.000 0.006
7040.000 0.006
7050.000 0.006
7060.000 0.006
7070.000 0.006
7080.000 0.006
7090.000 0.006
7100.000 0.007
7110.000 0.006
7120.000 0.006
7130.000 0.006
7140.000 0.007
7150.000 0.006
7160.000 0.007
7170.000 0.007
7180.000 0.006
7190.000 0.007
7200.000 0.006
7210.000 0.007
7220.000 0.006
7230.000 0.006
7240.000 0.006
7250.000 0.006
7260.000 0.007
7270.000 0.007
7280.000 0.007
7290.000 0.007
7300.000 0.006
7310.000 0.007
7320.000 0.007
7330.000 0.006
7340.000 0.006
7350.000 0.007
7360.000 0.008
7370.000 0.010
7380.000 0.016
7390.000 0.033
7400.000 0.048
7410.000 0.090
7420.000 0.108
7430.000 0.102
7440.000 0.039
7450.000 0.022
7460.000 0.011
7470.000 0.008
7480.000 0.004
7490.000 0.003
7500.000 0.002
7510.000 0.002
7520.000 0.002
7530.000 0.002
7540.000 0.003
7550.000 0.003
7560.000 0.003
7570.000 0.003
7580.000 0.004
7590.000 0.003
7600.000 0.004
7610.000 0.003
7620.000 0.004
7630.000 0.004
7640.000 0.004
7650.000 0.004
7660.000 0.005
7670.000 0.005
7680.000 0.005
7690.000 0.005
7700.000 0.005
7710.000 0.005
7720.000 0.005
7730.000 0.005
7740.000 0.005
7750.000 0.006
7760.000 0.006
7770.000 0.006
7780.000 0.006
7790.000 0.006
7800.000 0.006
7810.000 0.007
7820.000 0.007
7830.000 0.007
7840.000 0.008
7850.000 0.008
7860.000 0.008
7870.000 0.009
7880.000 0.009
7890.000 0.009
7900.000 0.010
7910.000 0.011
7920.000 0.011
7930.000 0.012
7940.000 0.014
7950.000 0.015
7960.000 0.018
7970.000 0.020
7980.000 0.026
7990.000 0.030
8000.000 0.050
