3001.000 0.017
3002.000 0.018
3003.000 0.017
3004.000 0.017
3005.000 0.017
3006.000 0.017
3007.000 0.018
3008.000 0.018
3009.000 0.018
3010.000 0.017
3011.000 0.018
3012.000 0.018
3013.000 0.018
3014.000 0.018
3015.000 0.018
3016.000 0.019
3017.000 0.019
3018.000 0.018
3019.000 0.019
3020.000 0.018
3021.000 0.018
3022.000 0.018
3023.000 0.019
3024.000 0.019
3025.000 0.019
3026.000 0.019
3027.000 0.019
3028.000 0.019
3029.000 0.019
3030.000 0.019
3031.000 0.019
3032.000 0.019
3033.000 0.019
3034.000 0.019
3035.000 0.020
3036.000 0.020
3037.000 0.020
3038.000 0.020
3039.000 0.020
3040.000 0.019
3041.000 0.020
3042.000 0.020
3043.000 0.020
3044.000 0.020
3045.000 0.020
3046.000 0.020
3047.000 0.020
3048.000 0.021
3049.000 0.020
3050.000 0.021
3051.000 0.020
3052.000 0.021
3053.000 0.021
3054.000 0.021
3055.000 0.020
3056.000 0.021
3057.000 0.021
3058.000 0.021
3059.000 0.021
3060.000 0.021
3061.000 0.021
3062.000 0.021
3063.000 0.021
3064.000 0.022
3065.000 0.022
3066.000 0.021
3067.000 0.022
3068.000 0.022
3069.000 0.022
3070.000 0.022
3071.000 0.022
3072.000 0.022
3073.000 0.022
3074.000 0.022
3075.000 0.022
3076.000 0.022
3077.000 0.022
3078.000 0.022
3079.000 0.023
3080.000 0.022
3081.000 0.023
3082.000 0.023
3083.000 0.023
3084.000 0.023
3085.000 0.023
3086.000 0.023
3087.000 0.023
3088.000 0.023
3089.000 0.023
3090.000 0.023
3091.000 0.023
3092.000 0.023
3093.000 0.023
3094.000 0.023
3095.000 0.023
3096.000 0.023
3097.000 0.023
3098.000 0.023
3099.000 0.024
3100.000 0.023
3101.000 0.023
3102.000 0.024
3103.000 0.024
3104.000 0.024
3105.000 0.024
3106.000 0.024
3107.000 0.024
3108.000 0.024
3109.000 0.025
3110.000 0.024
3111.000 0.025
3112.000 0.025
3113.000 0.025
3114.000 0.025
3115.000 0.025
3116.000 0.025
3117.000 0.024
3118.000 0.025
3119.000 0.024
3120.000 0.025
3121.000 0.025
3122.000 0.025
3123.000 0.025
3124.000 0.025
3125.000 0.025
3126.000 0.026
3127.000 0.025
3128.000 0.026
3129.000 0.025
3130.000 0.025
3131.000 0.026
3132.000 0.026
3133.000 0.026
3134.000 0.026
3135.000 0.026
3136.000 0.026
3137.000 0.026
3138.000 0.027
3139.000 0.026
3140.000 0.026
3141.000 0.026
3142.000 0.027
3143.000 0.026
3144.000 0.026
3145.000 0.027
3146.000 0.026
3147.000 0.026
3148.000 0.027
3149.000 0.027
3150.000 0.026
3151.000 0.027
3152.000 0.028
3153.000 0.027
3154.000 0.027
3155.000 0.027
3156.000 0.028
3157.000 0.027
3158.000 0.028
3159.000 0.028
3160.000 0.028
3161.000 0.027
3162.000 0.028
3163.000 0.028
3164.000 0.028
3165.000 0.028
3166.000 0.028
3167.000 0.028
3168.000 0.029
3169.000 0.028
3170.000 0.028
3171.000 0.028
3172.000 0.029
3173.000 0.028
3174.000 0.028
3175.000 0.029
3176.000 0.029
3177.000 0.029
3178.000 0.029
3179.000 0.029
3180.000 0.029
3181.000 0.029
3182.000 0.029
3183.000 0.029
3184.000 0.030
3185.000 0.029
3186.000 0.029
3187.000 0.030
3188.000 0.029
3189.000 0.030
3190.000 0.029
3191.000 0.030
3192.000 0.029
3193.000 0.030
3194.000 0.030
3195.000 0.030
3196.000 0.030
3197.000 0.030
3198.000 0.030
3199.000 0.030
3200.000 0.031
3201.000 0.030
3202.000 0.031
3203.000 0.031
3204.000 0.031
3205.000 0.032
3206.000 0.031
3207.000 0.031
3208.000 0.031
3209.000 0.032
3210.000 0.031
3211.000 0.031
3212.000 0.031
3213.000 0.032
3214.000 0.032
3215.000 0.032
3216.000 0.032
3217.000 0.033
3218.000 0.032
3219.000 0.032
3220.000 0.032
3221.000 0.032
3222.000 0.032
3223.000 0.032
3224.000 0.032
3225.000 0.033
3226.000 0.033
3227.000 0.033
3228.000 0.033
3229.000 0.033
3230.000 0.033
3231.000 0.033
3232.000 0.033
3233.000 0.033
3234.000 0.034
3235.000 0.035
3236.000 0.034
3237.000 0.034
3238.000 0.035
3239.000 0.034
3240.000 0.034
3241.000 0.035
3242.000 0.035
3243.000 0.035
3244.000 0.035
3245.000 0.036
3246.000 0.035
3247.000 0.035
3248.000 0.035
3249.000 0.035
3250.000 0.036
3251.000 0.036
3252.000 0.036
3253.000 0.036
3254.000 0.036
3255.000 0.036
3256.000 0.036
3257.000 0.036
3258.000 0.037
3259.000 0.037
3260.000 0.037
3261.000 0.037
3262.000 0.037
3263.000 0.037
3264.000 0.038
3265.000 0.038
3266.000 0.038
3267.000 0.038
3268.000 0.038
3269.000 0.038
3270.000 0.038
3271.000 0.039
3272.000 0.039
3273.000 0.038
3274.000 0.039
3275.000 0.039
3276.000 0.039
3277.000 0.039
3278.000 0.040
3279.000 0.040
3280.000 0.040
3281.000 0.041
3282.000 0.040
3283.000 0.041
3284.000 0.041
3285.000 0.041
3286.000 0.041
3287.000 0.042
3288.000 0.041
3289.000 0.042
3290.000 0.042
3291.000 0.042
3292.000 0.043
3293.000 0.043
3294.000 0.043
3295.000 0.043
3296.000 0.043
3297.000 0.043
3298.000 0.043
3299.000 0.043
3300.000 0.044
3301.000 0.044
3302.000 0.044
3303.000 0.044
3304.000 0.045
3305.000 0.045
3306.000 0.046
3307.000 0.045
3308.000 0.046
3309.000 0.046
3310.000 0.046
3311.000 0.046
3312.000 0.047
3313.000 0.047
3314.000 0.047
3315.000 0.047
3316.000 0.048
3317.000 0.048
3318.000 0.048
3319.000 0.048
3320.000 0.049
3321.000 0.049
3322.000 0.049
3323.000 0.050
3324.000 0.050
3325.000 0.050
3326.000 0.050
3327.000 0.051
3328.000 0.051
3329.000 0.051
3330.000 0.051
3331.000 0.052
3332.000 0.052
3333.000 0.053
3334.000 0.053
3335.000 0.053
3336.000 0.054
3337.000 0.054
3338.000 0.054
3339.000 0.055
3340.000 0.055
3341.000 0.055
3342.000 0.056
3343.000 0.057
3344.000 0.057
3345.000 0.057
3346.000 0.058
3347.000 0.058
3348.000 0.059
3349.000 0.059
3350.000 0.059
3351.000 0.060
3352.000 0.060
3353.000 0.061
3354.000 0.061
3355.000 0.062
3356.000 0.062
3357.000 0.062
3358.000 0.063
3359.000 0.064
3360.000 0.065
3361.000 0.065
3362.000 0.065
3363.000 0.066
3364.000 0.067
3365.000 0.067
3366.000 0.068
3367.000 0.069
3368.000 0.069
3369.000 0.070
3370.000 0.071
3371.000 0.072
3372.000 0.072
3373.000 0.073
3374.000 0.073
3375.000 0.074
3376.000 0.075
3377.000 0.076
3378.000 0.077
3379.000 0.077
3380.000 0.078
3381.000 0.079
3382.000 0.080
3383.000 0.081
3384.000 0.082
3385.000 0.083
3386.000 0.084
3387.000 0.086
3388.000 0.086
3389.000 0.087
3390.000 0.088
3391.000 0.089
3392.000 0.091
3393.000 0.092
3394.000 0.093
3395.000 0.095
3396.000 0.096
3397.000 0.097
3398.000 0.099
3399.000 0.100
3400.000 0.102
3401.000 0.103
3402.000 0.104
3403.000 0.107
3404.000 0.108
3405.000 0.110
3406.000 0.112
3407.000 0.113
3408.000 0.116
3409.000 0.118
3410.000 0.120
3411.000 0.122
3412.000 0.124
3413.000 0.127
3414.000 0.130
3415.000 0.133
3416.000 0.135
3417.000 0.138
3418.000 0.142
3419.000 0.145
3420.000 0.147
3421.000 0.152
3422.000 0.154
3423.000 0.156
3424.000 0.164
3425.000 0.165
3426.000 0.173
3427.000 0.177
3428.000 0.180
3429.000 0.188
3430.000 0.194
3431.000 0.200
3432.000 0.207
3433.000 0.212
3434.000 0.222
3435.000 0.229
3436.000 0.238
3437.000 0.246
3438.000 0.256
3439.000 0.270
3440.000 0.281
3441.000 0.294
3442.000 0.308
3443.000 0.322
3444.000 0.343
3445.000 0.361
3446.000 0.379
3447.000 0.400
3448.000 0.423
3449.000 0.454
3450.000 0.480
3451.000 0.505
3452.000 0.531
3453.000 0.556
3454.000 0.583
3455.000 0.598
3456.000 0.603
3457.000 0.601
3458.000 0.589
3459.000 0.557
3460.000 0.524
3461.000 0.488
3462.000 0.450
3463.000 0.412
3464.000 0.366
3465.000 0.335
3466.000 0.309
3467.000 0.288
3468.000 0.273
3469.000 0.264
3470.000 0.265
3471.000 0.273
3472.000 0.285
3473.000 0.297
3474.000 0.309
3475.000 0.314
3476.000 0.311
3477.000 0.303
3478.000 0.293
3479.000 0.279
3480.000 0.267
3481.000 0.256
3482.000 0.244
3483.000 0.233
3484.000 0.221
3485.000 0.211
3486.000 0.203
3487.000 0.195
3488.000 0.188
3489.000 0.181
3490.000 0.173
3491.000 0.167
3492.000 0.161
3493.000 0.157
3494.000 0.152
3495.000 0.146
3496.000 0.142
3497.000 0.137
3498.000 0.133
3499.000 0.130
3500.000 0.125
3501.000 0.122
3502.000 0.118
3503.000 0.116
3504.000 0.113
3505.000 0.109
3506.000 0.107
3507.000 0.104
3508.000 0.102
3509.000 0.099
3510.000 0.096
3511.000 0.094
3512.000 0.092
3513.000 0.090
3514.000 0.088
3515.000 0.086
3516.000 0.084
3517.000 0.083
3518.000 0.081
3519.000 0.079
3520.000 0.078
3521.000 0.076
3522.000 0.074
3523.000 0.073
3524.000 0.072
3525.000 0.071
3526.000 0.068
3527.000 0.067
3528.000 0.066
3529.000 0.065
3530.000 0.064
3531.000 0.062
3532.000 0.061
3533.000 0.060
3534.000 0.058
3535.000 0.057
3536.000 0.057
3537.000 0.055
3538.000 0.055
3539.000 0.053
3540.000 0.052
3541.000 0.052
3542.000 0.050
3543.000 0.049
3544.000 0.048
3545.000 0.047
3546.000 0.046
3547.000 0.046
3548.000 0.045
3549.000 0.044
3550.000 0.043
3551.000 0.042
3552.000 0.041
3553.000 0.041
3554.000 0.040
3555.000 0.039
3556.000 0.038
3557.000 0.037
3558.000 0.036
3559.000 0.036
3560.000 0.035
3561.000 0.034
3562.000 0.033
3563.000 0.032
3564.000 0.032
3565.000 0.031
3566.000 0.030
3567.000 0.029
3568.000 0.028
3569.000 0.028
3570.000 0.026
3571.000 0.026
3572.000 0.026
3573.000 0.024
3574.000 0.024
3575.000 0.023
3576.000 0.022
3577.000 0.021
3578.000 0.020
3579.000 0.020
3580.000 0.019
3581.000 0.018
3582.000 0.017
3583.000 0.017
3584.000 0.016
3585.000 0.015
3586.000 0.014
3587.000 0.013
3588.000 0.013
3589.000 0.012
3590.000 0.012
3591.000 0.011
3592.000 0.011
3593.000 0.011
3594.000 0.013
3595.000 0.012
3596.000 0.013
3597.000 0.015
3598.000 0.016
3599.000 0.019
3600.000 0.020
3601.000 0.022
3602.000 0.026
3603.000 0.029
3604.000 0.032
3605.000 0.035
3606.000 0.040
3607.000 0.045
3608.000 0.051
3609.000 0.055
3610.000 0.061
3611.000 0.068
3612.000 0.078
3613.000 0.086
3614.000 0.095
3615.000 0.104
3616.000 0.114
3617.000 0.127
3618.000 0.134
3619.000 0.141
3620.000 0.146
3621.000 0.148
3622.000 0.147
3623.000 0.144
3624.000 0.139
3625.000 0.134
3626.000 0.128
3627.000 0.120
3628.000 0.115
3629.000 0.109
3630.000 0.105
3631.000 0.101
3632.000 0.095
3633.000 0.092
3634.000 0.088
3635.000 0.086
3636.000 0.083
3637.000 0.080
3638.000 0.077
3639.000 0.075
3640.000 0.072
3641.000 0.070
3642.000 0.069
3643.000 0.067
3644.000 0.065
3645.000 0.064
3646.000 0.062
3647.000 0.061
3648.000 0.060
3649.000 0.058
3650.000 0.058
3651.000 0.056
3652.000 0.055
3653.000 0.054
3654.000 0.054
3655.000 0.052
3656.000 0.051
3657.000 0.051
3658.000 0.051
3659.000 0.049
3660.000 0.048
3661.000 0.048
3662.000 0.047
3663.000 0.047
3664.000 0.046
3665.000 0.045
3666.000 0.045
3667.000 0.044
3668.000 0.044
3669.000 0.044
3670.000 0.043
3671.000 0.042
3672.000 0.042
3673.000 0.041
3674.000 0.040
3675.000 0.041
3676.000 0.041
3677.000 0.040
3678.000 0.039
3679.000 0.039
3680.000 0.038
3681.000 0.038
3682.000 0.038
3683.000 0.038
3684.000 0.037
3685.000 0.037
3686.000 0.037
3687.000 0.036
3688.000 0.037
3689.000 0.036
3690.000 0.036
3691.000 0.035
3692.000 0.034
3693.000 0.035
3694.000 0.035
3695.000 0.034
3696.000 0.034
3697.000 0.034
3698.000 0.033
3699.000 0.034
3700.000 0.033
3701.000 0.033
3702.000 0.033
3703.000 0.032
3704.000 0.032
3705.000 0.032
3706.000 0.032
3707.000 0.032
3708.000 0.031
3709.000 0.031
3710.000 0.031
3711.000 0.030
3712.000 0.031
3713.000 0.030
3714.000 0.030
3715.000 0.030
3716.000 0.029
3717.000 0.030
3718.000 0.029
3719.000 0.029
3720.000 0.029
3721.000 0.029
3722.000 0.029
3723.000 0.028
3724.000 0.028
3725.000 0.028
3726.000 0.028
3727.000 0.028
3728.000 0.028
3729.000 0.027
3730.000 0.028
3731.000 0.027
3732.000 0.027
3733.000 0.027
3734.000 0.026
3735.000 0.027
3736.000 0.026
3737.000 0.026
3738.000 0.026
3739.000 0.026
3740.000 0.026
3741.000 0.026
3742.000 0.026
3743.000 0.026
3744.000 0.026
3745.000 0.025
3746.000 0.025
3747.000 0.026
3748.000 0.025
3749.000 0.025
3750.000 0.025
3751.000 0.025
3752.000 0.024
3753.000 0.024
3754.000 0.024
3755.000 0.024
3756.000 0.024
3757.000 0.024
3758.000 0.024
3759.000 0.024
3760.000 0.024
3761.000 0.024
3762.000 0.024
3763.000 0.023
3764.000 0.023
3765.000 0.023
3766.000 0.023
3767.000 0.023
3768.000 0.023
3769.000 0.023
3770.000 0.023
3771.000 0.023
3772.000 0.022
3773.000 0.022
3774.000 0.022
3775.000 0.022
3776.000 0.022
3777.000 0.022
3778.000 0.022
3779.000 0.022
3780.000 0.022
3781.000 0.021
3782.000 0.021
3783.000 0.022
3784.000 0.022
3785.000 0.022
3786.000 0.021
3787.000 0.021
3788.000 0.021
3789.000 0.021
3790.000 0.021
3791.000 0.021
3792.000 0.021
3793.000 0.021
3794.000 0.021
3795.000 0.021
3796.000 0.021
3797.000 0.021
3798.000 0.021
3799.000 0.020
3800.000 0.020
3801.000 0.020
3802.000 0.020
3803.000 0.020
3804.000 0.021
3805.000 0.020
3806.000 0.020
3807.000 0.020
3808.000 0.020
3809.000 0.020
3810.000 0.020
3811.000 0.020
3812.000 0.020
3813.000 0.019
3814.000 0.019
3815.000 0.020
3816.000 0.019
3817.000 0.020
3818.000 0.020
3819.000 0.019
3820.000 0.019
3821.000 0.019
3822.000 0.019
3823.000 0.019
3824.000 0.019
3825.000 0.019
3826.000 0.019
3827.000 0.019
3828.000 0.019
3829.000 0.018
3830.000 0.019
3831.000 0.018
3832.000 0.018
3833.000 0.018
3834.000 0.018
3835.000 0.019
3836.000 0.018
3837.000 0.019
3838.000 0.018
3839.000 0.019
3840.000 0.018
3841.000 0.019
3842.000 0.018
3843.000 0.017
3844.000 0.018
3845.000 0.018
3846.000 0.018
3847.000 0.018
3848.000 0.017
3849.000 0.017
3850.000 0.017
3851.000 0.017
3852.000 0.017
3853.000 0.017
3854.000 0.017
3855.000 0.017
3856.000 0.017
3857.000 0.018
3858.000 0.017
3859.000 0.017
3860.000 0.017
3861.000 0.017
3862.000 0.017
3863.000 0.018
3864.000 0.017
3865.000 0.017
3866.000 0.017
3867.000 0.017
3868.000 0.016
3869.000 0.016
3870.000 0.016
3871.000 0.017
3872.000 0.017
3873.000 0.017
3874.000 0.017
3875.000 0.016
3876.000 0.016
3877.000 0.017
3878.000 0.016
3879.000 0.016
3880.000 0.016
3881.000 0.016
3882.000 0.016
3883.000 0.016
3884.000 0.016
3885.000 0.016
3886.000 0.016
3887.000 0.016
3888.000 0.016
3889.000 0.016
3890.000 0.015
3891.000 0.015
3892.000 0.015
3893.000 0.015
3894.000 0.015
3895.000 0.015
3896.000 0.015
3897.000 0.015
3898.000 0.015
3899.000 0.015
3900.000 0.015
3901.000 0.015
3902.000 0.015
3903.000 0.015
3904.000 0.015
3905.000 0.015
3906.000 0.015
3907.000 0.015
3908.000 0.015
3909.000 0.015
3910.000 0.014
3911.000 0.015
3912.000 0.015
3913.000 0.015
3914.000 0.015
3915.000 0.015
3916.000 0.015
3917.000 0.014
3918.000 0.014
3919.000 0.015
3920.000 0.014
3921.000 0.015
3922.000 0.015
3923.000 0.015
3924.000 0.014
3925.000 0.014
3926.000 0.015
3927.000 0.015
3928.000 0.014
3929.000 0.014
3930.000 0.014
3931.000 0.014
3932.000 0.015
3933.000 0.014
3934.000 0.014
3935.000 0.014
3936.000 0.014
3937.000 0.014
3938.000 0.014
3939.000 0.014
3940.000 0.014
3941.000 0.014
3942.000 0.014
3943.000 0.014
3944.000 0.014
3945.000 0.014
3946.000 0.013
3947.000 0.014
3948.000 0.014
3949.000 0.014
3950.000 0.014
3951.000 0.014
3952.000 0.014
3953.000 0.014
3954.000 0.014
3955.000 0.014
3956.000 0.013
3957.000 0.014
3958.000 0.014
3959.000 0.014
3960.000 0.014
3961.000 0.014
3962.000 0.014
3963.000 0.013
3964.000 0.013
3965.000 0.014
3966.000 0.013
3967.000 0.014
3968.000 0.014
3969.000 0.014
3970.000 0.013
3971.000 0.014
3972.000 0.013
3973.000 0.013
3974.000 0.014
3975.000 0.013
3976.000 0.014
3977.000 0.013
3978.000 0.013
3979.000 0.014
3980.000 0.013
3981.000 0.013
3982.000 0.013
3983.000 0.013
3984.000 0.013
3985.000 0.013
3986.000 0.013
3987.000 0.013
3988.000 0.013
3989.000 0.013
3990.000 0.013
3991.000 0.013
3992.000 0.013
3993.000 0.013
3994.000 0.013
3995.000 0.014
3996.000 0.013
3997.000 0.013
3998.000 0.013
3999.000 0.013
4000.000 0.013
