2005.000 0.046
2010.000 0.046
2015.000 0.050
2020.000 0.051
2025.000 0.054
2030.000 0.057
2035.000 0.061
2040.000 0.065
2045.000 0.069
2050.000 0.075
2055.000 0.087
2060.000 0.097
2065.000 0.111
2070.000 0.132
2075.000 0.161
2080.000 0.223
2085.000 0.286
2090.000 0.316
2095.000 0.247
2100.000 0.159
2105.000 0.102
2110.000 0.079
2115.000 0.063
2120.000 0.051
2125.000 0.042
2130.000 0.033
2135.000 0.027
2140.000 0.025
2145.000 0.019
2150.000 0.016
2155.000 0.012
2160.000 0.009
2165.000 0.007
2170.000 0.004
2175.000 0.003
2180.000 0.002
2185.000 0.004
2190.000 0.006
2195.000 0.008
2200.000 0.011
2205.000 0.014
2210.000 0.017
2215.000 0.022
2220.000 0.025
2225.000 0.031
2230.000 0.042
2235.000 0.053
2240.000 0.070
2245.000 0.098
2250.000 0.139
2255.000 0.217
2260.000 0.207
2265.000 0.123
2270.000 0.088
2275.000 0.069
2280.000 0.053
2285.000 0.047
2290.000 0.040
2295.000 0.036
2300.000 0.032
2305.000 0.029
2310.000 0.027
2315.000 0.024
2320.000 0.023
2325.000 0.022
2330.000 0.019
2335.000 0.020
2340.000 0.018
2345.000 0.017
2350.000 0.016
2355.000 0.016
2360.000 0.015
2365.000 0.014
2370.000 0.013
2375.000 0.013
2380.000 0.012
2385.000 0.012
2390.000 0.012
2395.000 0.011
2400.000 0.011
2405.000 0.010
2410.000 0.010
2415.000 0.009
2420.000 0.010
2425.000 0.009
2430.000 0.009
2435.000 0.008
2440.000 0.008
2445.000 0.008
2450.000 0.008
2455.000 0.008
2460.000 0.007
2465.000 0.007
2470.000 0.007
2475.000 0.007
2480.000 0.007
2485.000 0.007
2490.000 0.006
2495.000 0.006
2500.000 0.006
2505.000 0.006
2510.000 0.006
2515.000 0.005
2520.000 0.005
2525.000 0.006
2530.000 0.005
2535.000 0.005
2540.000 0.005
2545.000 0.005
2550.000 0.005
2555.000 0.004
2560.000 0.005
2565.000 0.004
2570.000 0.004
2575.000 0.004
2580.000 0.004
2585.000 0.004
2590.000 0.004
2595.000 0.004
2600.000 0.004
2605.000 0.004
2610.000 0.003
2615.000 0.003
2620.000 0.003
2625.000 0.004
2630.000 0.003
2635.000 0.003
2640.000 0.003
2645.000 0.003
2650.000 0.003
2655.000 0.003
2660.000 0.003
2665.000 0.003
2670.000 0.003
2675.000 0.004
2680.000 0.003
2685.000 0.003
2690.000 0.003
2695.000 0.003
2700.000 0.003
2705.000 0.004
2710.000 0.003
2715.000 0.004
2720.000 0.003
2725.000 0.003
2730.000 0.003
2735.000 0.003
2740.000 0.004
2745.000 0.004
2750.000 0.004
2755.000 0.004
2760.000 0.004
2765.000 0.004
2770.000 0.004
2775.000 0.005
2780.000 0.005
2785.000 0.005
2790.000 0.005
2795.000 0.005
2800.000 0.005
2805.000 0.006
2810.000 0.006
2815.000 0.006
2820.000 0.006
2825.000 0.006
2830.000 0.007
2835.000 0.006
2840.000 0.007
2845.000 0.007
2850.000 0.007
2855.000 0.007
2860.000 0.008
2865.000 0.008
2870.000 0.008
2875.000 0.008
2880.000 0.009
2885.000 0.009
2890.000 0.009
2895.000 0.010
2900.000 0.010
2905.000 0.010
2910.000 0.010
2915.000 0.011
2920.000 0.011
2925.000 0.012
2930.000 0.011
2935.000 0.012
2940.000 0.013
2945.000 0.013
2950.000 0.014
2955.000 0.013
2960.000 0.014
2965.000 0.014
2970.000 0.014
2975.000 0.015
2980.000 0.015
2985.000 0.015
2990.000 0.016
2995.000 0.016
3000.000 0.016
3005.000 0.017
3010.000 0.017
3015.000 0.018
3020.000 0.018
3025.000 0.018
3030.000 0.019
3035.000 0.019
3040.000 0.019
3045.000 0.020
3050.000 0.020
3055.000 0.020
3060.000 0.021
3065.000 0.021
3070.000 0.022
3075.000 0.022
3080.000 0.022
3085.000 0.023
3090.000 0.023
3095.000 0.023
3100.000 0.024
3105.000 0.024
3110.000 0.024
3115.000 0.025
3120.000 0.025
3125.000 0.025
3130.000 0.026
3135.000 0.026
3140.000 0.026
3145.000 0.026
3150.000 0.027
3155.000 0.027
3160.000 0.027
3165.000 0.027
3170.000 0.028
3175.000 0.028
3180.000 0.029
3185.000 0.029
3190.000 0.030
3195.000 0.030
3200.000 0.030
3205.000 0.031
3210.000 0.032
3215.000 0.032
3220.000 0.032
3225.000 0.033
3230.000 0.034
3235.000 0.034
3240.000 0.035
3245.000 0.035
3250.000 0.035
3255.000 0.036
3260.000 0.037
3265.000 0.037
3270.000 0.038
3275.000 0.039
3280.000 0.040
3285.000 0.041
3290.000 0.041
3295.000 0.043
3300.000 0.043
3305.000 0.045
3310.000 0.046
3315.000 0.046
3320.000 0.049
3325.000 0.050
3330.000 0.052
3335.000 0.053
3340.000 0.055
3345.000 0.057
3350.000 0.060
3355.000 0.061
3360.000 0.065
3365.000 0.067
3370.000 0.070
3375.000 0.074
3380.000 0.078
3385.000 0.082
3390.000 0.088
3395.000 0.093
3400.000 0.100
3405.000 0.110
3410.000 0.119
3415.000 0.131
3420.000 0.144
3425.000 0.161
3430.000 0.192
3435.000 0.224
3440.000 0.268
3445.000 0.332
3450.000 0.421
3455.000 0.565
3460.000 0.573
3465.000 0.397
3470.000 0.264
3475.000 0.279
3480.000 0.285
3485.000 0.222
3490.000 0.181
3495.000 0.154
3500.000 0.132
3505.000 0.111
3510.000 0.099
3515.000 0.089
3520.000 0.080
3525.000 0.072
3530.000 0.064
3535.000 0.058
3540.000 0.054
3545.000 0.049
3550.000 0.044
3555.000 0.039
3560.000 0.035
3565.000 0.032
3570.000 0.028
3575.000 0.024
3580.000 0.018
3585.000 0.016
3590.000 0.013
3595.000 0.014
3600.000 0.020
3605.000 0.037
3610.000 0.060
3615.000 0.093
3620.000 0.127
3625.000 0.135
3630.000 0.101
3635.000 0.083
3640.000 0.072
3645.000 0.064
3650.000 0.058
3655.000 0.054
3660.000 0.048
3665.000 0.046
3670.000 0.043
3675.000 0.041
3680.000 0.039
3685.000 0.037
3690.000 0.035
3695.000 0.034
3700.000 0.033
3705.000 0.032
3710.000 0.031
3715.000 0.029
3720.000 0.029
3725.000 0.028
3730.000 0.027
3735.000 0.027
3740.000 0.026
3745.000 0.025
3750.000 0.025
3755.000 0.025
3760.000 0.024
3765.000 0.024
3770.000 0.023
3775.000 0.022
3780.000 0.022
3785.000 0.021
3790.000 0.021
3795.000 0.021
3800.000 0.021
3805.000 0.020
3810.000 0.020
3815.000 0.020
3820.000 0.019
3825.000 0.019
3830.000 0.018
3835.000 0.018
3840.000 0.018
3845.000 0.018
3850.000 0.018
3855.000 0.018
3860.000 0.017
3865.000 0.017
3870.000 0.016
3875.000 0.017
3880.000 0.016
3885.000 0.016
3890.000 0.015
3895.000 0.015
3900.000 0.015
3905.000 0.015
3910.000 0.015
3915.000 0.015
3920.000 0.015
3925.000 0.014
3930.000 0.015
3935.000 0.015
3940.000 0.015
3945.000 0.014
3950.000 0.014
3955.000 0.014
3960.000 0.014
3965.000 0.014
3970.000 0.014
3975.000 0.013
3980.000 0.014
3985.000 0.014
3990.000 0.013
3995.000 0.013
4000.000 0.013
4005.000 0.013
4010.000 0.013
4015.000 0.013
4020.000 0.013
4025.000 0.013
4030.000 0.013
4035.000 0.013
4040.000 0.013
4045.000 0.013
4050.000 0.013
4055.000 0.013
4060.000 0.012
4065.000 0.012
4070.000 0.013
4075.000 0.013
4080.000 0.013
4085.000 0.012
4090.000 0.012
4095.000 0.012
4100.000 0.012
4105.000 0.013
4110.000 0.013
4115.000 0.012
4120.000 0.012
4125.000 0.013
4130.000 0.013
4135.000 0.012
4140.000 0.012
4145.000 0.012
4150.000 0.012
4155.000 0.013
4160.000 0.012
4165.000 0.012
4170.000 0.012
4175.000 0.013
4180.000 0.012
4185.000 0.013
4190.000 0.013
4195.000 0.013
4200.000 0.013
4205.000 0.013
4210.000 0.013
4215.000 0.013
4220.000 0.013
4225.000 0.013
4230.000 0.013
4235.000 0.013
4240.000 0.013
4245.000 0.012
4250.000 0.013
4255.000 0.013
4260.000 0.013
4265.000 0.014
4270.000 0.013
4275.000 0.013
4280.000 0.013
4285.000 0.014
4290.000 0.013
4295.000 0.014
4300.000 0.014
4305.000 0.013
4310.000 0.014
4315.000 0.013
4320.000 0.013
4325.000 0.013
4330.000 0.013
4335.000 0.013
4340.000 0.014
4345.000 0.013
4350.000 0.013
4355.000 0.013
4360.000 0.013
4365.000 0.013
4370.000 0.013
4375.000 0.013
4380.000 0.012
4385.000 0.013
4390.000 0.014
4395.000 0.013
4400.000 0.013
4405.000 0.013
4410.000 0.014
4415.000 0.014
4420.000 0.014
4425.000 0.015
4430.000 0.015
4435.000 0.015
4440.000 0.015
4445.000 0.016
4450.000 0.016
4455.000 0.016
4460.000 0.016
4465.000 0.017
4470.000 0.017
4475.000 0.018
4480.000 0.017
4485.000 0.018
4490.000 0.019
4495.000 0.020
4500.000 0.020
4505.000 0.020
4510.000 0.021
4515.000 0.021
4520.000 0.022
4525.000 0.023
4530.000 0.023
4535.000 0.023
4540.000 0.025
4545.000 0.025
4550.000 0.026
4555.000 0.027
4560.000 0.028
4565.000 0.028
4570.000 0.029
4575.000 0.031
4580.000 0.032
4585.000 0.033
4590.000 0.035
4595.000 0.036
4600.000 0.038
4605.000 0.040
4610.000 0.042
4615.000 0.044
4620.000 0.046
4625.000 0.050
4630.000 0.054
4635.000 0.056
4640.000 0.060
4645.000 0.065
4650.000 0.071
4655.000 0.078
4660.000 0.086
4665.000 0.095
4670.000 0.104
4675.000 0.121
4680.000 0.139
4685.000 0.164
4690.000 0.197
4695.000 0.237
4700.000 0.298
4705.000 0.320
4710.000 0.306
4715.000 0.320
4720.000 0.350
4725.000 0.268
4730.000 0.214
4735.000 0.180
4740.000 0.156
4745.000 0.141
4750.000 0.129
4755.000 0.128
4760.000 0.127
4765.000 0.077
4770.000 0.049
4775.000 0.051
4780.000 0.050
4785.000 0.049
4790.000 0.048
4795.000 0.046
4800.000 0.043
4805.000 0.042
4810.000 0.040
4815.000 0.039
4820.000 0.038
4825.000 0.035
4830.000 0.034
4835.000 0.032
4840.000 0.031
4845.000 0.030
4850.000 0.029
4855.000 0.027
4860.000 0.025
4865.000 0.024
4870.000 0.022
4875.000 0.021
4880.000 0.022
4885.000 0.025
4890.000 0.033
4895.000 0.043
4900.000 0.050
4905.000 0.049
4910.000 0.046
4915.000 0.043
4920.000 0.041
4925.000 0.039
4930.000 0.038
4935.000 0.036
4940.000 0.036
4945.000 0.035
4950.000 0.034
4955.000 0.034
4960.000 0.033
4965.000 0.033
4970.000 0.032
4975.000 0.032
4980.000 0.032
4985.000 0.032
4990.000 0.030
4995.000 0.031
5000.000 0.031
5005.000 0.031
5010.000 0.030
5015.000 0.030
5020.000 0.030
5025.000 0.030
5030.000 0.030
5035.000 0.030
5040.000 0.031
5045.000 0.030
5050.000 0.030
5055.000 0.030
5060.000 0.031
5065.000 0.030
5070.000 0.029
5075.000 0.030
5080.000 0.030
5085.000 0.030
5090.000 0.030
5095.000 0.030
5100.000 0.030
5105.000 0.030
5110.000 0.030
5115.000 0.030
5120.000 0.030
5125.000 0.030
5130.000 0.030
5135.000 0.030
5140.000 0.030
5145.000 0.030
5150.000 0.030
5155.000 0.030
5160.000 0.030
5165.000 0.030
5170.000 0.029
5175.000 0.030
5180.000 0.030
5185.000 0.030
5190.000 0.030
5195.000 0.030
5200.000 0.030
5205.000 0.030
5210.000 0.030
5215.000 0.029
5220.000 0.029
5225.000 0.029
5230.000 0.030
5235.000 0.029
5240.000 0.029
5245.000 0.030
5250.000 0.030
5255.000 0.029
5260.000 0.029
5265.000 0.029
5270.000 0.029
5275.000 0.029
5280.000 0.029
5285.000 0.029
5290.000 0.029
5295.000 0.029
5300.000 0.029
5305.000 0.029
5310.000 0.028
5315.000 0.028
5320.000 0.029
5325.000 0.028
5330.000 0.028
5335.000 0.029
5340.000 0.029
5345.000 0.030
5350.000 0.028
5355.000 0.029
5360.000 0.029
5365.000 0.028
5370.000 0.029
5375.000 0.028
5380.000 0.028
5385.000 0.029
5390.000 0.029
5395.000 0.029
5400.000 0.028
5405.000 0.028
5410.000 0.029
5415.000 0.029
5420.000 0.029
5425.000 0.028
5430.000 0.029
5435.000 0.029
5440.000 0.029
5445.000 0.028
5450.000 0.029
5455.000 0.030
5460.000 0.030
5465.000 0.030
5470.000 0.029
5475.000 0.030
5480.000 0.030
5485.000 0.030
5490.000 0.031
5495.000 0.030
5500.000 0.031
5505.000 0.030
5510.000 0.031
5515.000 0.031
5520.000 0.031
5525.000 0.032
5530.000 0.031
5535.000 0.032
5540.000 0.032
5545.000 0.033
5550.000 0.033
5555.000 0.034
5560.000 0.034
5565.000 0.033
5570.000 0.034
5575.000 0.034
5580.000 0.035
5585.000 0.035
5590.000 0.035
5595.000 0.036
5600.000 0.036
