2001.000 0.045
2002.000 0.047
2003.000 0.046
2004.000 0.046
2005.000 0.046
2006.000 0.047
2007.000 0.048
2008.000 0.046
2009.000 0.047
2010.000 0.048
2011.000 0.048
2012.000 0.049
2013.000 0.049
2014.000 0.049
2015.000 0.049
2016.000 0.050
2017.000 0.051
2018.000 0.051
2019.000 0.052
2020.000 0.052
2021.000 0.052
2022.000 0.053
2023.000 0.054
2024.000 0.090
2025.000 0.062
2026.000 0.056
2027.000 0.058
2028.000 0.057
2029.000 0.058
2030.000 0.057
2031.000 0.058
2032.000 0.059
2033.000 0.059
2034.000 0.059
2035.000 0.055
2036.000 0.067
2037.000 0.063
2038.000 0.064
2039.000 0.066
2040.000 0.066
2041.000 0.067
2042.000 0.067
2043.000 0.069
2044.000 0.068
2045.000 0.072
2046.000 0.073
2047.000 0.073
2048.000 0.075
2049.000 0.078
2050.000 0.082
2051.000 0.081
2052.000 0.081
2053.000 0.087
2054.000 0.088
2055.000 0.087
2056.000 0.091
2057.000 0.094
2058.000 0.124
2059.000 0.096
2060.000 0.096
2061.000 0.101
2062.000 0.107
2063.000 0.109
2064.000 0.115
2065.000 0.118
2066.000 0.122
2067.000 0.127
2068.000 0.131
2069.000 0.138
2070.000 0.144
2071.000 0.151
2072.000 0.155
2073.000 0.164
2074.000 0.174
2075.000 0.184
2076.000 0.195
2077.000 0.206
2078.000 0.218
2079.000 0.233
2080.000 0.249
2081.000 0.263
2082.000 0.280
2083.000 0.294
2084.000 0.307
2085.000 0.319
2086.000 0.324
2087.000 0.323
2088.000 0.317
2089.000 0.303
2090.000 0.282
2091.000 0.264
2092.000 0.245
2093.000 0.225
2094.000 0.208
2095.000 0.187
2096.000 0.175
2097.000 0.163
2098.000 0.150
2099.000 0.142
2100.000 0.129
2101.000 0.122
2102.000 0.114
2103.000 0.106
2104.000 0.103
2105.000 0.102
2106.000 0.086
2107.000 0.081
2108.000 0.080
2109.000 0.077
2110.000 0.073
2111.000 0.070
2112.000 0.067
2113.000 0.064
2114.000 0.061
2115.000 0.056
2116.000 0.056
2117.000 0.052
2118.000 0.051
2119.000 0.050
2120.000 0.047
2121.000 0.045
2122.000 0.044
2123.000 0.041
2124.000 0.040
2125.000 0.039
2126.000 0.036
2127.000 0.035
2128.000 0.034
2129.000 0.034
2130.000 0.031
2131.000 0.030
2132.000 0.030
2133.000 0.029
2134.000 0.027
2135.000 0.025
2136.000 0.025
2137.000 0.023
2138.000 0.023
2139.000 0.023
2140.000 0.021
2141.000 0.022
2142.000 0.020
2143.000 0.020
2144.000 0.018
2145.000 0.017
2146.000 0.017
2147.000 0.016
2148.000 0.016
2149.000 0.016
2150.000 0.015
2151.000 0.015
2152.000 0.014
2153.000 0.013
2154.000 0.012
2155.000 0.011
2156.000 0.011
2157.000 0.011
2158.000 0.009
2159.000 0.010
2160.000 0.008
2161.000 0.009
2162.000 0.008
2163.000 0.008
2164.000 0.007
2165.000 0.007
2166.000 0.006
2167.000 0.005
2168.000 0.006
2169.000 0.005
2170.000 0.005
2171.000 0.004
2172.000 0.004
2173.000 0.003
2174.000 0.003
2175.000 0.003
2176.000 0.003
2177.000 0.003
2178.000 0.002
2179.000 0.002
2180.000 0.002
2181.000 0.002
2182.000 0.003
2183.000 0.003
2184.000 0.003
2185.000 0.004
2186.000 0.004
2187.000 0.005
2188.000 0.006
2189.000 0.005
2190.000 0.006
2191.000 0.006
2192.000 0.007
2193.000 0.008
2194.000 0.008
2195.000 0.010
2196.000 0.009
2197.000 0.010
2198.000 0.010
2199.000 0.011
2200.000 0.012
2201.000 0.012
2202.000 0.012
2203.000 0.013
2204.000 0.013
2205.000 0.014
2206.000 0.015
2207.000 0.015
2208.000 0.017
2209.000 0.017
2210.000 0.017
2211.000 0.018
2212.000 0.019
2213.000 0.019
2214.000 0.021
2215.000 0.022
2216.000 0.022
2217.000 0.023
2218.000 0.024
2219.000 0.026
2220.000 0.027
2221.000 0.028
2222.000 0.030
2223.000 0.031
2224.000 0.032
2225.000 0.034
2226.000 0.034
2227.000 0.037
2228.000 0.040
2229.000 0.040
2230.000 0.043
2231.000 0.045
2232.000 0.048
2233.000 0.048
2234.000 0.053
2235.000 0.057
2236.000 0.059
2237.000 0.063
2238.000 0.068
2239.000 0.072
2240.000 0.077
2241.000 0.082
2242.000 0.091
2243.000 0.099
2244.000 0.106
2245.000 0.116
2246.000 0.126
2247.000 0.141
2248.000 0.154
2249.000 0.169
2250.000 0.183
2251.000 0.199
2252.000 0.218
2253.000 0.227
2254.000 0.231
2255.000 0.228
2256.000 0.217
2257.000 0.198
2258.000 0.182
2259.000 0.167
2260.000 0.152
2261.000 0.142
2262.000 0.129
2263.000 0.116
2264.000 0.108
2265.000 0.101
2266.000 0.096
2267.000 0.089
2268.000 0.084
2269.000 0.080
2270.000 0.076
2271.000 0.072
2272.000 0.069
2273.000 0.065
2274.000 0.063
2275.000 0.059
2276.000 0.058
2277.000 0.056
2278.000 0.054
2279.000 0.051
2280.000 0.049
2281.000 0.049
2282.000 0.048
2283.000 0.046
2284.000 0.044
2285.000 0.043
2286.000 0.042
2287.000 0.040
2288.000 0.040
2289.000 0.039
2290.000 0.038
2291.000 0.038
2292.000 0.036
2293.000 0.035
2294.000 0.034
2295.000 0.034
2296.000 0.033
2297.000 0.033
2298.000 0.031
2299.000 0.031
2300.000 0.030
2301.000 0.029
2302.000 0.030
2303.000 0.029
2304.000 0.028
2305.000 0.028
2306.000 0.028
2307.000 0.027
2308.000 0.027
2309.000 0.026
2310.000 0.025
2311.000 0.025
2312.000 0.025
2313.000 0.025
2314.000 0.024
2315.000 0.024
2316.000 0.024
2317.000 0.023
2318.000 0.023
2319.000 0.023
2320.000 0.022
2321.000 0.021
2322.000 0.022
2323.000 0.021
2324.000 0.021
2325.000 0.020
2326.000 0.020
2327.000 0.020
2328.000 0.020
2329.000 0.020
2330.000 0.019
2331.000 0.019
2332.000 0.018
2333.000 0.019
2334.000 0.019
2335.000 0.019
2336.000 0.018
2337.000 0.018
2338.000 0.018
2339.000 0.018
2340.000 0.017
2341.000 0.018
2342.000 0.017
2343.000 0.017
2344.000 0.016
2345.000 0.016
2346.000 0.016
2347.000 0.016
2348.000 0.016
2349.000 0.016
2350.000 0.016
2351.000 0.016
2352.000 0.016
2353.000 0.015
2354.000 0.015
2355.000 0.015
2356.000 0.015
2357.000 0.015
2358.000 0.014
2359.000 0.014
2360.000 0.015
2361.000 0.014
2362.000 0.014
2363.000 0.014
2364.000 0.013
2365.000 0.013
2366.000 0.013
2367.000 0.013
2368.000 0.013
2369.000 0.013
2370.000 0.013
2371.000 0.012
2372.000 0.013
2373.000 0.012
2374.000 0.012
2375.000 0.013
2376.000 0.013
2377.000 0.012
2378.000 0.012
2379.000 0.012
2380.000 0.012
2381.000 0.012
2382.000 0.012
2383.000 0.012
2384.000 0.011
2385.000 0.011
2386.000 0.012
2387.000 0.011
2388.000 0.012
2389.000 0.011
2390.000 0.011
2391.000 0.011
2392.000 0.010
2393.000 0.010
2394.000 0.011
2395.000 0.010
2396.000 0.011
2397.000 0.011
2398.000 0.010
2399.000 0.010
2400.000 0.010
2401.000 0.010
2402.000 0.010
2403.000 0.010
2404.000 0.010
2405.000 0.010
2406.000 0.010
2407.000 0.010
2408.000 0.010
2409.000 0.010
2410.000 0.010
2411.000 0.009
2412.000 0.010
2413.000 0.010
2414.000 0.009
2415.000 0.009
2416.000 0.009
2417.000 0.010
2418.000 0.009
2419.000 0.009
2420.000 0.009
2421.000 0.009
2422.000 0.009
2423.000 0.009
2424.000 0.009
2425.000 0.009
2426.000 0.009
2427.000 0.009
2428.000 0.008
2429.000 0.009
2430.000 0.008
2431.000 0.008
2432.000 0.009
2433.000 0.009
2434.000 0.008
2435.000 0.008
2436.000 0.008
2437.000 0.008
2438.000 0.009
2439.000 0.008
2440.000 0.008
2441.000 0.008
2442.000 0.008
2443.000 0.008
2444.000 0.008
2445.000 0.008
2446.000 0.008
2447.000 0.008
2448.000 0.008
2449.000 0.008
2450.000 0.008
2451.000 0.007
2452.000 0.007
2453.000 0.007
2454.000 0.008
2455.000 0.007
2456.000 0.007
2457.000 0.007
2458.000 0.007
2459.000 0.008
2460.000 0.007
2461.000 0.007
2462.000 0.007
2463.000 0.007
2464.000 0.007
2465.000 0.007
2466.000 0.007
2467.000 0.007
2468.000 0.007
2469.000 0.007
2470.000 0.006
2471.000 0.007
2472.000 0.006
2473.000 0.007
2474.000 0.006
2475.000 0.007
2476.000 0.006
2477.000 0.006
2478.000 0.006
2479.000 0.006
2480.000 0.006
2481.000 0.006
2482.000 0.006
2483.000 0.006
2484.000 0.006
2485.000 0.007
2486.000 0.006
2487.000 0.006
2488.000 0.006
2489.000 0.006
2490.000 0.006
2491.000 0.006
2492.000 0.006
2493.000 0.006
2494.000 0.006
2495.000 0.006
2496.000 0.006
2497.000 0.005
2498.000 0.006
2499.000 0.005
2500.000 0.005
2501.000 0.005
2502.000 0.006
2503.000 0.006
2504.000 0.006
2505.000 0.005
2506.000 0.005
2507.000 0.006
2508.000 0.006
2509.000 0.005
2510.000 0.005
2511.000 0.005
2512.000 0.005
2513.000 0.006
2514.000 0.005
2515.000 0.005
2516.000 0.006
2517.000 0.006
2518.000 0.006
2519.000 0.005
2520.000 0.005
2521.000 0.005
2522.000 0.005
2523.000 0.005
2524.000 0.004
2525.000 0.005
2526.000 0.005
2527.000 0.004
2528.000 0.005
2529.000 0.005
2530.000 0.004
2531.000 0.005
2532.000 0.005
2533.000 0.005
2534.000 0.005
2535.000 0.005
2536.000 0.005
2537.000 0.005
2538.000 0.004
2539.000 0.005
2540.000 0.005
2541.000 0.004
2542.000 0.004
2543.000 0.004
2544.000 0.004
2545.000 0.004
2546.000 0.005
2547.000 0.004
2548.000 0.005
2549.000 0.004
2550.000 0.005
2551.000 0.004
2552.000 0.004
2553.000 0.005
2554.000 0.004
2555.000 0.004
2556.000 0.004
2557.000 0.005
2558.000 0.004
2559.000 0.005
2560.000 0.004
2561.000 0.004
2562.000 0.004
2563.000 0.004
2564.000 0.004
2565.000 0.004
2566.000 0.004
2567.000 0.004
2568.000 0.004
2569.000 0.004
2570.000 0.004
2571.000 0.004
2572.000 0.004
2573.000 0.004
2574.000 0.004
2575.000 0.004
2576.000 0.003
2577.000 0.004
2578.000 0.004
2579.000 0.004
2580.000 0.004
2581.000 0.003
2582.000 0.004
2583.000 0.004
2584.000 0.004
2585.000 0.005
2586.000 0.004
2587.000 0.004
2588.000 0.004
2589.000 0.004
2590.000 0.004
2591.000 0.003
2592.000 0.004
2593.000 0.004
2594.000 0.003
2595.000 0.004
2596.000 0.004
2597.000 0.004
2598.000 0.004
2599.000 0.004
2600.000 0.003
