2005.000 0.026
2010.000 0.025
2015.000 0.025
2020.000 0.025
2025.000 0.025
2030.000 0.026
2035.000 0.025
2040.000 0.026
2045.000 0.027
2050.000 0.026
2055.000 0.026
2060.000 0.026
2065.000 0.027
2070.000 0.028
2075.000 0.028
2080.000 0.028
2085.000 0.028
2090.000 0.029
2095.000 0.029
2100.000 0.030
2105.000 0.031
2110.000 0.032
2115.000 0.032
2120.000 0.033
2125.000 0.034
2130.000 0.035
2135.000 0.037
2140.000 0.038
2145.000 0.040
2150.000 0.041
2155.000 0.043
2160.000 0.045
2165.000 0.047
2170.000 0.050
2175.000 0.055
2180.000 0.059
2185.000 0.064
2190.000 0.070
2195.000 0.078
2200.000 0.091
2205.000 0.105
2210.000 0.123
2215.000 0.140
2220.000 0.150
2225.000 0.133
2230.000 0.098
2235.000 0.070
2240.000 0.048
2245.000 0.031
2250.000 0.017
2255.000 0.018
2260.000 0.029
2265.000 0.047
2270.000 0.084
2275.000 0.133
2280.000 0.202
2285.000 0.242
2290.000 0.166
2295.000 0.113
2300.000 0.082
2305.000 0.069
2310.000 0.059
2315.000 0.051
2320.000 0.046
2325.000 0.042
2330.000 0.036
2335.000 0.033
2340.000 0.031
2345.000 0.029
2350.000 0.027
2355.000 0.025
2360.000 0.024
2365.000 0.022
2370.000 0.021
2375.000 0.020
2380.000 0.019
2385.000 0.018
2390.000 0.017
2395.000 0.016
2400.000 0.015
2405.000 0.015
2410.000 0.014
2415.000 0.014
2420.000 0.013
2425.000 0.013
2430.000 0.012
2435.000 0.011
2440.000 0.011
2445.000 0.011
2450.000 0.010
2455.000 0.010
2460.000 0.010
2465.000 0.009
2470.000 0.009
2475.000 0.009
2480.000 0.009
2485.000 0.008
2490.000 0.008
2495.000 0.008
2500.000 0.007
2505.000 0.008
2510.000 0.007
2515.000 0.007
2520.000 0.006
2525.000 0.006
2530.000 0.006
2535.000 0.006
2540.000 0.007
2545.000 0.006
2550.000 0.006
2555.000 0.005
2560.000 0.006
2565.000 0.006
2570.000 0.006
2575.000 0.005
2580.000 0.004
2585.000 0.005
2590.000 0.005
2595.000 0.005
2600.000 0.005
2605.000 0.004
2610.000 0.004
2615.000 0.004
2620.000 0.004
2625.000 0.004
2630.000 0.003
2635.000 0.004
2640.000 0.004
2645.000 0.004
2650.000 0.004
2655.000 0.004
2660.000 0.003
2665.000 0.004
2670.000 0.003
2675.000 0.004
2680.000 0.004
2685.000 0.004
2690.000 0.003
2695.000 0.003
2700.000 0.004
2705.000 0.004
2710.000 0.004
2715.000 0.004
2720.000 0.004
2725.000 0.004
2730.000 0.004
2735.000 0.004
2740.000 0.004
2745.000 0.004
2750.000 0.004
2755.000 0.004
2760.000 0.005
2765.000 0.005
2770.000 0.005
2775.000 0.005
2780.000 0.005
2785.000 0.006
2790.000 0.006
2795.000 0.006
2800.000 0.005
2805.000 0.006
2810.000 0.006
2815.000 0.006
2820.000 0.006
2825.000 0.006
2830.000 0.007
2835.000 0.007
2840.000 0.007
2845.000 0.007
2850.000 0.007
2855.000 0.007
2860.000 0.008
2865.000 0.008
2870.000 0.008
2875.000 0.009
2880.000 0.009
2885.000 0.009
2890.000 0.009
2895.000 0.009
2900.000 0.010
2905.000 0.010
2910.000 0.010
2915.000 0.010
2920.000 0.011
2925.000 0.011
2930.000 0.011
2935.000 0.012
2940.000 0.012
2945.000 0.012
2950.000 0.012
2955.000 0.013
2960.000 0.013
2965.000 0.013
2970.000 0.014
2975.000 0.014
2980.000 0.014
2985.000 0.014
2990.000 0.015
2995.000 0.015
3000.000 0.015
3005.000 0.016
3010.000 0.016
3015.000 0.016
3020.000 0.016
3025.000 0.016
3030.000 0.017
3035.000 0.017
3040.000 0.018
3045.000 0.017
3050.000 0.018
3055.000 0.018
3060.000 0.018
3065.000 0.019
3070.000 0.018
3075.000 0.019
3080.000 0.019
3085.000 0.019
3090.000 0.019
3095.000 0.019
3100.000 0.020
3105.000 0.020
3110.000 0.020
3115.000 0.020
3120.000 0.020
3125.000 0.021
3130.000 0.020
3135.000 0.021
3140.000 0.021
3145.000 0.022
3150.000 0.022
3155.000 0.021
3160.000 0.022
3165.000 0.022
3170.000 0.022
3175.000 0.022
3180.000 0.023
3185.000 0.023
3190.000 0.022
3195.000 0.023
3200.000 0.023
3205.000 0.024
3210.000 0.023
3215.000 0.023
3220.000 0.024
3225.000 0.024
3230.000 0.024
3235.000 0.024
3240.000 0.025
3245.000 0.025
3250.000 0.025
3255.000 0.025
3260.000 0.025
3265.000 0.025
3270.000 0.025
3275.000 0.026
3280.000 0.026
3285.000 0.026
3290.000 0.026
3295.000 0.026
3300.000 0.027
3305.000 0.027
3310.000 0.027
3315.000 0.027
3320.000 0.028
3325.000 0.028
3330.000 0.029
3335.000 0.029
3340.000 0.030
3345.000 0.030
3350.000 0.030
3355.000 0.031
3360.000 0.031
3365.000 0.031
3370.000 0.032
3375.000 0.032
3380.000 0.032
3385.000 0.033
3390.000 0.034
3395.000 0.034
3400.000 0.035
3405.000 0.036
3410.000 0.036
3415.000 0.037
3420.000 0.038
3425.000 0.039
3430.000 0.039
3435.000 0.041
3440.000 0.042
3445.000 0.042
3450.000 0.043
3455.000 0.045
3460.000 0.046
3465.000 0.047
3470.000 0.048
3475.000 0.050
3480.000 0.052
3485.000 0.054
3490.000 0.056
3495.000 0.057
3500.000 0.060
3505.000 0.063
3510.000 0.066
3515.000 0.068
3520.000 0.073
3525.000 0.077
3530.000 0.080
3535.000 0.085
3540.000 0.091
3545.000 0.099
3550.000 0.107
3555.000 0.115
3560.000 0.127
3565.000 0.139
3570.000 0.155
3575.000 0.182
3580.000 0.211
3585.000 0.251
3590.000 0.307
3595.000 0.389
3600.000 0.543
3605.000 0.625
3610.000 0.541
3615.000 0.441
3620.000 0.317
3625.000 0.227
3630.000 0.161
3635.000 0.123
3640.000 0.094
3645.000 0.072
3650.000 0.072
3655.000 0.137
3660.000 0.201
3665.000 0.199
3670.000 0.150
3675.000 0.135
3680.000 0.113
3685.000 0.102
3690.000 0.092
3695.000 0.083
3700.000 0.079
3705.000 0.072
3710.000 0.068
3715.000 0.064
3720.000 0.061
3725.000 0.057
3730.000 0.054
3735.000 0.051
3740.000 0.050
3745.000 0.047
3750.000 0.045
3755.000 0.044
3760.000 0.042
3765.000 0.041
3770.000 0.039
3775.000 0.038
3780.000 0.037
3785.000 0.035
3790.000 0.035
3795.000 0.033
3800.000 0.032
3805.000 0.032
3810.000 0.031
3815.000 0.030
3820.000 0.029
3825.000 0.029
3830.000 0.028
3835.000 0.027
3840.000 0.026
3845.000 0.026
3850.000 0.026
3855.000 0.025
3860.000 0.024
3865.000 0.024
3870.000 0.023
3875.000 0.024
3880.000 0.022
3885.000 0.022
3890.000 0.021
3895.000 0.020
3900.000 0.021
3905.000 0.020
3910.000 0.019
3915.000 0.019
3920.000 0.019
3925.000 0.019
3930.000 0.018
3935.000 0.019
3940.000 0.017
3945.000 0.017
3950.000 0.018
3955.000 0.017
3960.000 0.017
3965.000 0.017
3970.000 0.017
3975.000 0.016
3980.000 0.016
3985.000 0.016
3990.000 0.016
3995.000 0.016
4000.000 0.016
4005.000 0.016
4010.000 0.015
4015.000 0.015
4020.000 0.015
4025.000 0.015
4030.000 0.015
4035.000 0.015
4040.000 0.015
4045.000 0.014
4050.000 0.015
4055.000 0.014
4060.000 0.014
4065.000 0.014
4070.000 0.014
4075.000 0.014
4080.000 0.014
4085.000 0.014
4090.000 0.014
4095.000 0.014
4100.000 0.014
4105.000 0.013
4110.000 0.013
4115.000 0.013
4120.000 0.013
4125.000 0.013
4130.000 0.013
4135.000 0.013
4140.000 0.012
4145.000 0.013
4150.000 0.013
4155.000 0.012
4160.000 0.013
4165.000 0.013
4170.000 0.013
4175.000 0.013
4180.000 0.013
4185.000 0.013
4190.000 0.012
4195.000 0.013
4200.000 0.012
4205.000 0.012
4210.000 0.012
4215.000 0.013
4220.000 0.012
4225.000 0.013
4230.000 0.012
4235.000 0.012
4240.000 0.012
4245.000 0.013
4250.000 0.012
4255.000 0.012
4260.000 0.012
4265.000 0.012
4270.000 0.013
4275.000 0.012
4280.000 0.012
4285.000 0.012
4290.000 0.012
4295.000 0.012
4300.000 0.012
4305.000 0.011
4310.000 0.011
4315.000 0.011
4320.000 0.011
4325.000 0.011
4330.000 0.011
4335.000 0.011
4340.000 0.011
4345.000 0.010
4350.000 0.010
4355.000 0.010
4360.000 0.010
4365.000 0.010
4370.000 0.010
4375.000 0.010
4380.000 0.010
4385.000 0.010
4390.000 0.010
4395.000 0.011
4400.000 0.011
4405.000 0.010
4410.000 0.011
4415.000 0.010
4420.000 0.011
4425.000 0.011
4430.000 0.010
4435.000 0.011
4440.000 0.011
4445.000 0.011
4450.000 0.011
4455.000 0.011
4460.000 0.011
4465.000 0.011
4470.000 0.012
4475.000 0.012
4480.000 0.012
4485.000 0.012
4490.000 0.012
4495.000 0.013
4500.000 0.013
4505.000 0.013
4510.000 0.013
4515.000 0.013
4520.000 0.013
4525.000 0.013
4530.000 0.014
4535.000 0.014
4540.000 0.014
4545.000 0.014
4550.000 0.015
4555.000 0.015
4560.000 0.014
4565.000 0.015
4570.000 0.015
4575.000 0.015
4580.000 0.016
4585.000 0.016
4590.000 0.016
4595.000 0.017
4600.000 0.016
4605.000 0.017
4610.000 0.017
4615.000 0.018
4620.000 0.018
4625.000 0.019
4630.000 0.018
4635.000 0.020
4640.000 0.019
4645.000 0.020
4650.000 0.020
4655.000 0.021
4660.000 0.021
4665.000 0.022
4670.000 0.023
4675.000 0.023
4680.000 0.024
4685.000 0.024
4690.000 0.025
4695.000 0.026
4700.000 0.027
4705.000 0.027
4710.000 0.028
4715.000 0.029
4720.000 0.030
4725.000 0.031
4730.000 0.033
4735.000 0.033
4740.000 0.035
4745.000 0.036
4750.000 0.038
4755.000 0.039
4760.000 0.041
4765.000 0.044
4770.000 0.046
4775.000 0.049
4780.000 0.051
4785.000 0.054
4790.000 0.057
4795.000 0.062
4800.000 0.065
4805.000 0.070
4810.000 0.076
4815.000 0.083
4820.000 0.089
4825.000 0.101
4830.000 0.112
4835.000 0.124
4840.000 0.147
4845.000 0.161
4850.000 0.198
4855.000 0.235
4860.000 0.287
4865.000 0.355
4870.000 0.436
4875.000 0.514
4880.000 0.483
4885.000 0.350
4890.000 0.338
4895.000 0.263
4900.000 0.205
4905.000 0.175
4910.000 0.153
4915.000 0.134
4920.000 0.116
4925.000 0.104
4930.000 0.096
4935.000 0.093
4940.000 0.104
4945.000 0.111
4950.000 0.108
4955.000 0.102
4960.000 0.095
4965.000 0.089
4970.000 0.085
4975.000 0.081
4980.000 0.077
4985.000 0.074
4990.000 0.071
4995.000 0.070
5000.000 0.067
5005.000 0.065
5010.000 0.063
5015.000 0.061
5020.000 0.061
5025.000 0.059
5030.000 0.057
5035.000 0.057
5040.000 0.056
5045.000 0.055
5050.000 0.054
5055.000 0.053
5060.000 0.051
5065.000 0.051
5070.000 0.050
5075.000 0.050
5080.000 0.049
5085.000 0.049
5090.000 0.049
5095.000 0.048
5100.000 0.047
5105.000 0.046
5110.000 0.046
5115.000 0.045
5120.000 0.045
5125.000 0.045
5130.000 0.044
5135.000 0.044
5140.000 0.044
5145.000 0.043
5150.000 0.043
5155.000 0.042
5160.000 0.042
5165.000 0.042
5170.000 0.041
5175.000 0.040
5180.000 0.041
5185.000 0.040
5190.000 0.039
5195.000 0.039
5200.000 0.038
5205.000 0.038
5210.000 0.038
5215.000 0.038
5220.000 0.038
5225.000 0.037
5230.000 0.037
5235.000 0.036
5240.000 0.036
5245.000 0.036
5250.000 0.036
5255.000 0.035
5260.000 0.035
5265.000 0.035
5270.000 0.034
5275.000 0.034
5280.000 0.034
5285.000 0.034
5290.000 0.033
5295.000 0.033
5300.000 0.033
5305.000 0.033
5310.000 0.032
5315.000 0.032
5320.000 0.031
5325.000 0.031
5330.000 0.032
5335.000 0.031
5340.000 0.031
5345.000 0.031
5350.000 0.030
5355.000 0.030
5360.000 0.030
5365.000 0.030
5370.000 0.030
5375.000 0.029
5380.000 0.030
5385.000 0.029
5390.000 0.029
5395.000 0.029
5400.000 0.028
5405.000 0.028
5410.000 0.028
5415.000 0.028
5420.000 0.028
5425.000 0.028
5430.000 0.028
5435.000 0.027
5440.000 0.028
5445.000 0.027
5450.000 0.027
5455.000 0.027
5460.000 0.027
5465.000 0.027
5470.000 0.027
5475.000 0.027
5480.000 0.027
5485.000 0.026
5490.000 0.027
5495.000 0.027
5500.000 0.027
5505.000 0.026
5510.000 0.027
5515.000 0.026
5520.000 0.027
5525.000 0.027
5530.000 0.026
5535.000 0.026
5540.000 0.026
5545.000 0.026
5550.000 0.027
5555.000 0.026
5560.000 0.026
5565.000 0.026
5570.000 0.027
5575.000 0.027
5580.000 0.027
5585.000 0.026
5590.000 0.026
5595.000 0.027
5600.000 0.027
