2005.000 0.022
2010.000 0.020
2015.000 0.036
2020.000 0.022
2025.000 0.022
2030.000 0.022
2035.000 0.021
2040.000 0.022
2045.000 0.022
2050.000 0.022
2055.000 0.022
2060.000 0.022
2065.000 0.023
2070.000 0.022
2075.000 0.023
2080.000 0.022
2085.000 0.023
2090.000 0.023
2095.000 0.023
2100.000 0.023
2105.000 0.024
2110.000 0.024
2115.000 0.024
2120.000 0.024
2125.000 0.025
2130.000 0.025
2135.000 0.025
2140.000 0.025
2145.000 0.027
2150.000 0.026
2155.000 0.027
2160.000 0.029
2165.000 0.029
2170.000 0.029
2175.000 0.031
2180.000 0.032
2185.000 0.032
2190.000 0.034
2195.000 0.034
2200.000 0.035
2205.000 0.036
2210.000 0.039
2215.000 0.040
2220.000 0.042
2225.000 0.043
2230.000 0.045
2235.000 0.050
2240.000 0.053
2245.000 0.058
2250.000 0.051
2255.000 0.066
2260.000 0.074
2265.000 0.091
2270.000 0.116
2275.000 0.105
2280.000 0.142
2285.000 0.123
2290.000 0.182
2295.000 0.278
2300.000 0.263
2305.000 0.217
2310.000 0.181
2315.000 0.146
2320.000 0.112
2325.000 0.092
2330.000 0.079
2335.000 0.069
2340.000 0.060
2345.000 0.053
2350.000 0.047
2355.000 0.043
2360.000 0.040
2365.000 0.036
2370.000 0.033
2375.000 0.031
2380.000 0.029
2385.000 0.027
2390.000 0.025
2395.000 0.024
2400.000 0.022
2405.000 0.021
2410.000 0.019
2415.000 0.018
2420.000 0.018
2425.000 0.016
2430.000 0.016
2435.000 0.015
2440.000 0.015
2445.000 0.014
2450.000 0.013
2455.000 0.013
2460.000 0.012
2465.000 0.012
2470.000 0.011
2475.000 0.011
2480.000 0.011
2485.000 0.010
2490.000 0.010
2495.000 0.010
2500.000 0.009
2505.000 0.008
2510.000 0.008
2515.000 0.008
2520.000 0.007
2525.000 0.008
2530.000 0.007
2535.000 0.007
2540.000 0.007
2545.000 0.007
2550.000 0.007
2555.000 0.006
2560.000 0.007
2565.000 0.006
2570.000 0.006
2575.000 0.006
2580.000 0.006
2585.000 0.005
2590.000 0.005
2595.000 0.006
2600.000 0.005
2605.000 0.005
2610.000 0.004
2615.000 0.004
2620.000 0.005
2625.000 0.005
2630.000 0.005
2635.000 0.004
2640.000 0.004
2645.000 0.004
2650.000 0.004
2655.000 0.004
2660.000 0.004
2665.000 0.004
2670.000 0.004
2675.000 0.004
2680.000 0.004
2685.000 0.004
2690.000 0.004
2695.000 0.004
2700.000 0.004
2705.000 0.004
2710.000 0.005
2715.000 0.004
2720.000 0.005
2725.000 0.004
2730.000 0.004
2735.000 0.004
2740.000 0.005
2745.000 0.005
2750.000 0.005
2755.000 0.005
2760.000 0.005
2765.000 0.006
2770.000 0.005
2775.000 0.005
2780.000 0.005
2785.000 0.006
2790.000 0.006
2795.000 0.006
2800.000 0.007
2805.000 0.006
2810.000 0.006
2815.000 0.007
2820.000 0.007
2825.000 0.007
2830.000 0.007
2835.000 0.008
2840.000 0.008
2845.000 0.008
2850.000 0.008
2855.000 0.008
2860.000 0.008
2865.000 0.009
2870.000 0.008
2875.000 0.008
2880.000 0.010
2885.000 0.009
2890.000 0.010
2895.000 0.010
2900.000 0.009
2905.000 0.010
2910.000 0.011
2915.000 0.010
2920.000 0.011
2925.000 0.011
2930.000 0.011
2935.000 0.011
2940.000 0.012
2945.000 0.012
2950.000 0.012
2955.000 0.013
2960.000 0.013
2965.000 0.012
2970.000 0.014
2975.000 0.013
2980.000 0.014
2985.000 0.014
2990.000 0.014
2995.000 0.015
3000.000 0.015
3005.000 0.015
3010.000 0.015
3015.000 0.015
3020.000 0.016
3025.000 0.016
3030.000 0.017
3035.000 0.017
3040.000 0.017
3045.000 0.016
3050.000 0.017
3055.000 0.017
3060.000 0.017
3065.000 0.017
3070.000 0.018
3075.000 0.018
3080.000 0.018
3085.000 0.018
3090.000 0.018
3095.000 0.019
3100.000 0.018
3105.000 0.019
3110.000 0.019
3115.000 0.019
3120.000 0.019
3125.000 0.019
3130.000 0.020
3135.000 0.020
3140.000 0.020
3145.000 0.020
3150.000 0.020
3155.000 0.020
3160.000 0.020
3165.000 0.021
3170.000 0.020
3175.000 0.020
3180.000 0.020
3185.000 0.021
3190.000 0.021
3195.000 0.021
3200.000 0.021
3205.000 0.021
3210.000 0.021
3215.000 0.021
3220.000 0.022
3225.000 0.021
3230.000 0.022
3235.000 0.022
3240.000 0.022
3245.000 0.022
3250.000 0.022
3255.000 0.022
3260.000 0.022
3265.000 0.022
3270.000 0.023
3275.000 0.023
3280.000 0.022
3285.000 0.023
3290.000 0.024
3295.000 0.024
3300.000 0.023
3305.000 0.024
3310.000 0.024
3315.000 0.024
3320.000 0.024
3325.000 0.024
3330.000 0.024
3335.000 0.024
3340.000 0.025
3345.000 0.025
3350.000 0.025
3355.000 0.025
3360.000 0.026
3365.000 0.026
3370.000 0.026
3375.000 0.026
3380.000 0.026
3385.000 0.027
3390.000 0.027
3395.000 0.027
3400.000 0.027
3405.000 0.028
3410.000 0.028
3415.000 0.028
3420.000 0.029
3425.000 0.029
3430.000 0.030
3435.000 0.030
3440.000 0.031
3445.000 0.031
3450.000 0.031
3455.000 0.031
3460.000 0.032
3465.000 0.033
3470.000 0.034
3475.000 0.034
3480.000 0.035
3485.000 0.036
3490.000 0.036
3495.000 0.037
3500.000 0.038
3505.000 0.038
3510.000 0.040
3515.000 0.041
3520.000 0.041
3525.000 0.043
3530.000 0.044
3535.000 0.045
3540.000 0.046
3545.000 0.048
3550.000 0.049
3555.000 0.051
3560.000 0.052
3565.000 0.055
3570.000 0.057
3575.000 0.059
3580.000 0.062
3585.000 0.064
3590.000 0.068
3595.000 0.071
3600.000 0.075
3605.000 0.079
3610.000 0.084
3615.000 0.088
3620.000 0.097
3625.000 0.103
3630.000 0.112
3635.000 0.121
3640.000 0.132
3645.000 0.151
3650.000 0.169
3655.000 0.191
3660.000 0.222
3665.000 0.262
3670.000 0.341
3675.000 0.428
3680.000 0.537
3685.000 0.646
3690.000 0.731
3695.000 0.550
3700.000 0.402
3705.000 0.311
3710.000 0.253
3715.000 0.213
3720.000 0.175
3725.000 0.155
3730.000 0.138
3735.000 0.125
3740.000 0.114
3745.000 0.102
3750.000 0.094
3755.000 0.087
3760.000 0.082
3765.000 0.077
3770.000 0.071
3775.000 0.067
3780.000 0.064
3785.000 0.061
3790.000 0.058
3795.000 0.055
3800.000 0.052
3805.000 0.050
3810.000 0.048
3815.000 0.047
3820.000 0.044
3825.000 0.042
3830.000 0.041
3835.000 0.040
3840.000 0.039
3845.000 0.037
3850.000 0.036
3855.000 0.035
3860.000 0.034
3865.000 0.033
3870.000 0.032
3875.000 0.031
3880.000 0.030
3885.000 0.029
3890.000 0.029
3895.000 0.028
3900.000 0.027
3905.000 0.026
3910.000 0.025
3915.000 0.025
3920.000 0.025
3925.000 0.024
3930.000 0.023
3935.000 0.023
3940.000 0.022
3945.000 0.022
3950.000 0.022
3955.000 0.021
3960.000 0.021
3965.000 0.021
3970.000 0.020
3975.000 0.020
3980.000 0.019
3985.000 0.019
3990.000 0.019
3995.000 0.019
4000.000 0.019
4005.000 0.018
4010.000 0.018
4015.000 0.018
4020.000 0.017
4025.000 0.018
4030.000 0.017
4035.000 0.018
4040.000 0.017
4045.000 0.017
4050.000 0.016
4055.000 0.017
4060.000 0.016
4065.000 0.016
4070.000 0.016
4075.000 0.016
4080.000 0.016
4085.000 0.015
4090.000 0.015
4095.000 0.016
4100.000 0.015
4105.000 0.015
4110.000 0.015
4115.000 0.015
4120.000 0.014
4125.000 0.014
4130.000 0.015
4135.000 0.014
4140.000 0.014
4145.000 0.013
4150.000 0.014
4155.000 0.014
4160.000 0.013
4165.000 0.013
4170.000 0.014
4175.000 0.014
4180.000 0.014
4185.000 0.013
4190.000 0.013
4195.000 0.013
4200.000 0.013
4205.000 0.013
4210.000 0.013
4215.000 0.014
4220.000 0.013
4225.000 0.013
4230.000 0.013
4235.000 0.013
4240.000 0.012
4245.000 0.012
4250.000 0.013
4255.000 0.012
4260.000 0.012
4265.000 0.012
4270.000 0.012
4275.000 0.013
4280.000 0.012
4285.000 0.012
4290.000 0.012
4295.000 0.012
4300.000 0.012
4305.000 0.012
4310.000 0.012
4315.000 0.011
4320.000 0.011
4325.000 0.011
4330.000 0.011
4335.000 0.010
4340.000 0.011
4345.000 0.010
4350.000 0.010
4355.000 0.010
4360.000 0.010
4365.000 0.009
4370.000 0.010
4375.000 0.009
4380.000 0.010
4385.000 0.009
4390.000 0.009
4395.000 0.010
4400.000 0.009
4405.000 0.010
4410.000 0.010
4415.000 0.011
4420.000 0.010
4425.000 0.010
4430.000 0.010
4435.000 0.010
4440.000 0.010
4445.000 0.010
4450.000 0.009
4455.000 0.010
4460.000 0.010
4465.000 0.010
4470.000 0.011
4475.000 0.010
4480.000 0.011
4485.000 0.011
4490.000 0.011
4495.000 0.011
4500.000 0.011
4505.000 0.011
4510.000 0.012
4515.000 0.012
4520.000 0.012
4525.000 0.011
4530.000 0.012
4535.000 0.012
4540.000 0.012
4545.000 0.012
4550.000 0.012
4555.000 0.012
4560.000 0.012
4565.000 0.013
4570.000 0.013
4575.000 0.013
4580.000 0.013
4585.000 0.014
4590.000 0.014
4595.000 0.014
4600.000 0.014
4605.000 0.014
4610.000 0.014
4615.000 0.015
4620.000 0.015
4625.000 0.015
4630.000 0.015
4635.000 0.015
4640.000 0.015
4645.000 0.015
4650.000 0.016
4655.000 0.016
4660.000 0.016
4665.000 0.017
4670.000 0.016
4675.000 0.017
4680.000 0.017
4685.000 0.018
4690.000 0.018
4695.000 0.018
4700.000 0.019
4705.000 0.019
4710.000 0.020
4715.000 0.020
4720.000 0.021
4725.000 0.021
4730.000 0.021
4735.000 0.022
4740.000 0.022
4745.000 0.023
4750.000 0.024
4755.000 0.024
4760.000 0.025
4765.000 0.026
4770.000 0.026
4775.000 0.027
4780.000 0.028
4785.000 0.028
4790.000 0.030
4795.000 0.031
4800.000 0.032
4805.000 0.033
4810.000 0.035
4815.000 0.036
4820.000 0.037
4825.000 0.038
4830.000 0.040
4835.000 0.042
4840.000 0.044
4845.000 0.046
4850.000 0.048
4855.000 0.051
4860.000 0.053
4865.000 0.057
4870.000 0.061
4875.000 0.064
4880.000 0.068
4885.000 0.072
4890.000 0.079
4895.000 0.085
4900.000 0.091
4905.000 0.100
4910.000 0.108
4915.000 0.122
4920.000 0.135
4925.000 0.150
4930.000 0.169
4935.000 0.192
4940.000 0.230
4945.000 0.266
4950.000 0.296
4955.000 0.344
4960.000 0.689
4965.000 0.703
4970.000 0.737
4975.000 0.613
4980.000 0.483
4985.000 0.389
4990.000 0.325
4995.000 0.263
5000.000 0.232
5005.000 0.207
5010.000 0.186
5015.000 0.171
5020.000 0.155
5025.000 0.144
5030.000 0.135
5035.000 0.127
5040.000 0.121
5045.000 0.113
5050.000 0.108
5055.000 0.104
5060.000 0.099
5065.000 0.096
5070.000 0.091
5075.000 0.089
5080.000 0.086
5085.000 0.084
5090.000 0.081
5095.000 0.078
5100.000 0.076
5105.000 0.074
5110.000 0.072
5115.000 0.071
5120.000 0.069
5125.000 0.067
5130.000 0.066
5135.000 0.065
5140.000 0.064
5145.000 0.062
5150.000 0.061
5155.000 0.060
5160.000 0.058
5165.000 0.058
5170.000 0.057
5175.000 0.055
5180.000 0.055
5185.000 0.054
5190.000 0.053
5195.000 0.052
5200.000 0.051
5205.000 0.050
5210.000 0.049
5215.000 0.048
5220.000 0.048
5225.000 0.047
5230.000 0.046
5235.000 0.046
5240.000 0.045
5245.000 0.044
5250.000 0.044
5255.000 0.044
5260.000 0.043
5265.000 0.042
5270.000 0.042
5275.000 0.041
5280.000 0.040
5285.000 0.040
5290.000 0.039
5295.000 0.039
5300.000 0.038
5305.000 0.038
5310.000 0.038
5315.000 0.037
5320.000 0.036
5325.000 0.036
5330.000 0.035
5335.000 0.035
5340.000 0.035
5345.000 0.035
5350.000 0.034
5355.000 0.034
5360.000 0.033
5365.000 0.033
5370.000 0.033
5375.000 0.033
5380.000 0.033
5385.000 0.032
5390.000 0.031
5395.000 0.031
5400.000 0.031
5405.000 0.031
5410.000 0.031
5415.000 0.030
5420.000 0.030
5425.000 0.030
5430.000 0.030
5435.000 0.029
5440.000 0.029
5445.000 0.029
5450.000 0.029
5455.000 0.029
5460.000 0.028
5465.000 0.028
5470.000 0.028
5475.000 0.028
5480.000 0.028
5485.000 0.028
5490.000 0.027
5495.000 0.027
5500.000 0.027
5505.000 0.027
5510.000 0.028
5515.000 0.027
5520.000 0.027
5525.000 0.026
5530.000 0.027
5535.000 0.026
5540.000 0.027
5545.000 0.027
5550.000 0.026
5555.000 0.026
5560.000 0.026
5565.000 0.026
5570.000 0.026
5575.000 0.026
5580.000 0.026
5585.000 0.025
5590.000 0.026
5595.000 0.025
5600.000 0.025
