10.000 0.040
20.000 0.526
30.000 0.133
40.000 0.104
50.000 0.159
60.000 0.150
70.000 0.115
80.000 0.092
90.000 0.101
100.000 0.075
110.000 0.079
120.000 0.067
130.000 0.064
140.000 0.059
150.000 0.064
160.000 0.056
170.000 0.049
180.000 0.043
190.000 0.045
200.000 0.040
210.000 0.042
220.000 0.039
230.000 0.042
240.000 0.040
250.000 0.034
260.000 0.034
270.000 0.039
280.000 0.037
290.000 0.051
300.000 0.083
310.000 0.118
320.000 0.077
330.000 0.044
340.000 0.031
350.000 0.027
360.000 0.025
370.000 0.026
380.000 0.023
390.000 0.024
400.000 0.020
410.000 0.021
420.000 0.015
430.000 0.014
440.000 0.013
450.000 0.011
460.000 0.011
470.000 0.010
480.000 0.014
490.000 0.014
500.000 0.015
510.000 0.015
520.000 0.017
530.000 0.017
540.000 0.015
550.000 0.016
560.000 0.016
570.000 0.016
580.000 0.015
590.000 0.015
600.000 0.015
610.000 0.015
620.000 0.013
630.000 0.014
640.000 0.015
650.000 0.014
660.000 0.014
670.000 0.013
680.000 0.014
690.000 0.013
700.000 0.013
710.000 0.012
720.000 0.014
730.000 0.013
740.000 0.012
750.000 0.013
760.000 0.012
770.000 0.012
780.000 0.012
790.000 0.011
800.000 0.012
810.000 0.011
820.000 0.012
830.000 0.012
840.000 0.011
850.000 0.011
860.000 0.010
870.000 0.011
880.000 0.009
890.000 0.010
900.000 0.010
910.000 0.010
920.000 0.010
930.000 0.009
940.000 0.010
950.000 0.009
960.000 0.010
970.000 0.009
980.000 0.009
990.000 0.010
1000.000 0.009
