10.000 0.075
20.000 0.543
30.000 0.123
40.000 0.298
50.000 0.142
60.000 0.137
70.000 0.135
80.000 0.115
90.000 0.086
100.000 0.078
110.000 0.077
120.000 0.082
130.000 0.066
140.000 0.059
150.000 0.053
160.000 0.052
170.000 0.046
180.000 0.041
190.000 0.043
200.000 0.041
210.000 0.039
220.000 0.036
230.000 0.035
240.000 0.036
250.000 0.035
260.000 0.032
270.000 0.036
280.000 0.034
290.000 0.033
300.000 0.034
310.000 0.036
320.000 0.032
330.000 0.033
340.000 0.037
350.000 0.045
360.000 0.063
370.000 0.078
380.000 0.163
390.000 0.239
400.000 0.177
410.000 0.043
420.000 0.040
430.000 0.032
440.000 0.026
450.000 0.018
460.000 0.008
470.000 0.006
480.000 0.008
490.000 0.011
500.000 0.012
510.000 0.013
520.000 0.016
530.000 0.016
540.000 0.015
550.000 0.015
560.000 0.016
570.000 0.014
580.000 0.014
590.000 0.015
600.000 0.013
610.000 0.013
620.000 0.014
630.000 0.015
640.000 0.014
650.000 0.013
660.000 0.013
670.000 0.013
680.000 0.013
690.000 0.012
700.000 0.013
710.000 0.013
730.000 0.013
740.000 0.013
750.000 0.013
760.000 0.012
780.000 0.012
790.000 0.011
800.000 0.011
810.000 0.011
820.000 0.012
830.000 0.011
840.000 0.011
850.000 0.011
860.000 0.011
870.000 0.010
880.000 0.011
890.000 0.009
900.000 0.010
910.000 0.010
920.000 0.010
930.000 0.010
940.000 0.010
950.000 0.010
960.000 0.010
970.000 0.009
