10.000 0.035
20.000 0.552
30.000 0.618
40.000 0.095
50.000 0.156
60.000 0.132
70.000 0.135
80.000 0.111
90.000 0.113
100.000 0.083
110.000 0.075
120.000 0.073
130.000 0.058
140.000 0.064
150.000 0.058
160.000 0.060
170.000 0.046
180.000 0.053
190.000 0.046
200.000 0.045
210.000 0.043
220.000 0.037
230.000 0.036
240.000 0.041
250.000 0.036
260.000 0.038
280.000 0.030
290.000 0.031
300.000 0.028
310.000 0.032
320.000 0.030
330.000 0.030
340.000 0.031
350.000 0.028
360.000 0.029
370.000 0.034
380.000 0.032
390.000 0.037
410.000 0.046
420.000 0.058
430.000 0.064
440.000 0.084
450.000 0.097
460.000 0.122
470.000 0.176
480.000 0.224
490.000 0.428
500.000 0.493
510.000 0.129
520.000 0.028
530.000 0.021
540.000 0.016
550.000 0.019
560.000 0.016
570.000 0.016
580.000 0.014
590.000 0.015
600.000 0.015
610.000 0.015
620.000 0.014
630.000 0.014
640.000 0.014
650.000 0.014
660.000 0.013
670.000 0.013
680.000 0.012
690.000 0.014
700.000 0.013
710.000 0.014
720.000 0.012
730.000 0.012
740.000 0.013
750.000 0.011
760.000 0.011
770.000 0.012
780.000 0.011
790.000 0.012
800.000 0.011
810.000 0.012
820.000 0.010
830.000 0.010
840.000 0.011
850.000 0.011
860.000 0.010
870.000 0.011
880.000 0.010
890.000 0.010
900.000 0.010
910.000 0.010
920.000 0.010
930.000 0.010
940.000 0.010
950.000 0.009
960.000 0.009
970.000 0.010
980.000 0.009
990.000 0.010
1000.000 0.009
