10.000 0.039
20.000 0.546
30.000 0.080
40.000 0.119
50.000 0.138
60.000 0.141
70.000 0.147
80.000 0.116
90.000 0.095
100.000 0.086
110.000 0.093
120.000 0.087
130.000 0.075
140.000 0.054
150.000 0.054
160.000 0.045
170.000 0.057
180.000 0.049
190.000 0.058
200.000 0.058
210.000 0.041
220.000 0.047
230.000 0.036
240.000 0.049
250.000 0.044
260.000 0.053
270.000 0.038
280.000 0.051
290.000 0.052
300.000 0.045
310.000 0.041
320.000 0.038
330.000 0.034
340.000 0.031
350.000 0.029
360.000 0.027
370.000 0.028
380.000 0.028
390.000 0.027
400.000 0.024
410.000 0.022
420.000 0.026
430.000 0.021
440.000 0.025
450.000 0.025
460.000 0.025
470.000 0.029
480.000 0.037
490.000 0.052
500.000 0.064
510.000 0.076
520.000 0.085
530.000 0.078
540.000 0.080
550.000 0.077
560.000 0.077
570.000 0.076
580.000 0.076
590.000 0.071
600.000 0.069
610.000 0.064
620.000 0.057
630.000 0.051
640.000 0.046
650.000 0.046
660.000 0.041
670.000 0.040
680.000 0.040
690.000 0.040
700.000 0.043
710.000 0.041
720.000 0.041
730.000 0.044
740.000 0.034
750.000 0.031
760.000 0.015
770.000 0.010
780.000 0.009
790.000 0.007
800.000 0.008
810.000 0.007
820.000 0.008
830.000 0.008
840.000 0.008
850.000 0.008
860.000 0.008
870.000 0.006
880.000 0.005
890.000 0.005
900.000 0.002
910.000 0.003
920.000 0.005
930.000 0.005
940.000 0.009
950.000 0.016
960.000 0.021
970.000 0.028
980.000 0.026
990.000 0.023
1000.000 0.019
1010.000 0.018
1020.000 0.017
1030.000 0.015
1040.000 0.016
1050.000 0.015
1060.000 0.016
1070.000 0.015
1080.000 0.016
1090.000 0.014
1100.000 0.014
1110.000 0.015
1120.000 0.015
1130.000 0.017
1140.000 0.018
1150.000 0.019
1160.000 0.021
1170.000 0.026
1180.000 0.026
1190.000 0.035
1200.000 0.039
1210.000 0.039
1220.000 0.033
1230.000 0.020
1240.000 0.014
1250.000 0.011
1260.000 0.010
1270.000 0.008
1280.000 0.008
1290.000 0.007
1300.000 0.007
1310.000 0.007
1320.000 0.009
1330.000 0.009
1340.000 0.010
1350.000 0.010
1360.000 0.011
1370.000 0.012
1380.000 0.015
1390.000 0.020
1400.000 0.026
1410.000 0.034
1420.000 0.041
1430.000 0.061
1440.000 0.064
1450.000 0.055
1460.000 0.038
1470.000 0.032
1480.000 0.027
1490.000 0.026
1500.000 0.023
1510.000 0.023
1520.000 0.022
1530.000 0.021
1540.000 0.022
1550.000 0.022
1560.000 0.024
1570.000 0.023
1580.000 0.026
1590.000 0.029
1600.000 0.035
1610.000 0.038
1620.000 0.044
1630.000 0.059
1640.000 0.083
1650.000 0.099
1660.000 0.108
1670.000 0.090
1680.000 0.056
1690.000 0.041
1700.000 0.035
1710.000 0.030
1720.000 0.027
1730.000 0.025
1740.000 0.023
1750.000 0.022
1760.000 0.023
1770.000 0.024
1780.000 0.025
1790.000 0.027
1800.000 0.030
1810.000 0.034
1820.000 0.038
1830.000 0.048
1840.000 0.067
1850.000 0.079
1860.000 0.119
1870.000 0.137
1880.000 0.126
1890.000 0.085
1900.000 0.072
1910.000 0.057
1920.000 0.048
1930.000 0.046
1940.000 0.043
1950.000 0.042
1960.000 0.041
1970.000 0.041
1980.000 0.042
1990.000 0.043
2000.000 0.045
2010.000 0.051
2020.000 0.060
2030.000 0.066
2040.000 0.086
2050.000 0.099
2060.000 0.116
2070.000 0.105
2080.000 0.061
2090.000 0.038
2100.000 0.032
2110.000 0.022
2120.000 0.019
2130.000 0.015
2140.000 0.012
2150.000 0.009
2160.000 0.008
2170.000 0.007
2180.000 0.007
2190.000 0.006
2200.000 0.005
2210.000 0.005
2220.000 0.005
2230.000 0.005
2240.000 0.005
2250.000 0.005
2260.000 0.004
2270.000 0.004
2280.000 0.005
2290.000 0.004
2300.000 0.004
2310.000 0.005
2320.000 0.005
2330.000 0.004
2340.000 0.005
2350.000 0.005
2360.000 0.005
2370.000 0.005
2380.000 0.005
2390.000 0.005
2400.000 0.005
2410.000 0.005
2420.000 0.006
2430.000 0.006
2440.000 0.006
2450.000 0.007
2460.000 0.007
2470.000 0.007
2480.000 0.009
2490.000 0.009
2500.000 0.010
2510.000 0.012
2520.000 0.013
2530.000 0.015
2540.000 0.017
2550.000 0.022
2560.000 0.029
2570.000 0.035
2580.000 0.053
2590.000 0.068
2600.000 0.102
2610.000 0.107
2620.000 0.090
2630.000 0.068
2640.000 0.061
2650.000 0.055
2660.000 0.054
2670.000 0.055
2680.000 0.060
2690.000 0.065
2700.000 0.082
2710.000 0.110
2720.000 0.129
2730.000 0.160
2740.000 0.150
2750.000 0.095
2760.000 0.067
2770.000 0.059
2780.000 0.048
2790.000 0.045
2800.000 0.041
2810.000 0.039
2820.000 0.039
2830.000 0.039
2840.000 0.040
2850.000 0.044
2860.000 0.051
2870.000 0.057
2880.000 0.073
2890.000 0.085
2900.000 0.120
2910.000 0.134
2920.000 0.113
2930.000 0.068
2940.000 0.056
2950.000 0.043
2960.000 0.035
2970.000 0.032
2980.000 0.028
2990.000 0.027
3000.000 0.026
3010.000 0.025
3020.000 0.026
3030.000 0.028
3040.000 0.029
3050.000 0.033
3060.000 0.040
3070.000 0.047
3080.000 0.066
3090.000 0.078
3100.000 0.092
3110.000 0.055
3120.000 0.043
3130.000 0.030
3140.000 0.024
3150.000 0.022
3160.000 0.020
3170.000 0.018
3180.000 0.017
3190.000 0.016
3200.000 0.017
3210.000 0.018
3220.000 0.020
3230.000 0.025
3240.000 0.028
3250.000 0.039
3260.000 0.042
3270.000 0.031
3280.000 0.015
3290.000 0.012
3300.000 0.009
3310.000 0.007
3320.000 0.005
3330.000 0.004
3340.000 0.004
3350.000 0.004
3360.000 0.003
3370.000 0.003
3380.000 0.003
3390.000 0.003
3400.000 0.002
3410.000 0.002
3420.000 0.002
3430.000 0.003
3440.000 0.002
3450.000 0.003
3460.000 0.002
3470.000 0.002
3480.000 0.002
3490.000 0.002
3500.000 0.002
3510.000 0.003
3520.000 0.002
3530.000 0.003
3540.000 0.002
3550.000 0.002
3560.000 0.002
3570.000 0.002
3580.000 0.002
3590.000 0.003
3600.000 0.002
3610.000 0.003
3620.000 0.002
3630.000 0.002
3640.000 0.002
3650.000 0.002
3660.000 0.003
3670.000 0.002
3680.000 0.002
3690.000 0.002
3700.000 0.002
3710.000 0.002
3720.000 0.002
3730.000 0.002
3740.000 0.002
3750.000 0.002
3760.000 0.003
3770.000 0.003
3780.000 0.003
3790.000 0.003
3800.000 0.004
3810.000 0.006
3820.000 0.007
3830.000 0.011
3840.000 0.012
3850.000 0.020
3860.000 0.028
3870.000 0.028
3880.000 0.023
3890.000 0.021
3900.000 0.020
3910.000 0.020
3920.000 0.021
3930.000 0.022
3940.000 0.026
3950.000 0.029
3960.000 0.033
3970.000 0.047
3980.000 0.068
3990.000 0.077
4000.000 0.063
4010.000 0.048
4020.000 0.034
4030.000 0.026
4040.000 0.024
4050.000 0.022
4060.000 0.021
4070.000 0.020
4080.000 0.021
4090.000 0.021
4100.000 0.024
4110.000 0.026
4120.000 0.032
4130.000 0.044
4140.000 0.053
4150.000 0.071
4160.000 0.074
4170.000 0.051
4180.000 0.034
4190.000 0.029
4200.000 0.023
4210.000 0.020
4220.000 0.018
4230.000 0.018
4240.000 0.018
4250.000 0.018
4260.000 0.017
4270.000 0.019
4280.000 0.021
4290.000 0.022
4300.000 0.027
4310.000 0.031
4320.000 0.043
4330.000 0.056
4340.000 0.055
4350.000 0.034
4360.000 0.026
4370.000 0.017
4380.000 0.013
4390.000 0.012
4400.000 0.010
4410.000 0.008
4420.000 0.008
4430.000 0.008
4440.000 0.008
4450.000 0.008
4460.000 0.010
4470.000 0.011
4480.000 0.016
4490.000 0.018
4500.000 0.020
4510.000 0.016
4520.000 0.009
4530.000 0.006
4540.000 0.006
4550.000 0.004
4560.000 0.004
4570.000 0.003
4580.000 0.003
4590.000 0.003
4600.000 0.002
4610.000 0.002
4620.000 0.002
4630.000 0.002
4640.000 0.002
4650.000 0.002
4660.000 0.002
4670.000 0.002
4680.000 0.002
4690.000 0.003
4700.000 0.003
4710.000 0.003
4720.000 0.003
4730.000 0.003
4740.000 0.003
4750.000 0.003
4760.000 0.003
4770.000 0.004
4780.000 0.003
4790.000 0.004
4800.000 0.003
4810.000 0.006
4820.000 0.003
4830.000 0.004
4840.000 0.004
4850.000 0.005
4860.000 0.005
4870.000 0.006
4880.000 0.007
4890.000 0.008
4900.000 0.010
4910.000 0.011
4920.000 0.015
4930.000 0.018
4940.000 0.026
4950.000 0.030
4960.000 0.025
4970.000 0.021
4980.000 0.017
4990.000 0.016
5000.000 0.015
5010.000 0.014
5020.000 0.014
5030.000 0.015
5040.000 0.017
5050.000 0.020
5060.000 0.022
5070.000 0.030
5080.000 0.036
5090.000 0.052
5100.000 0.053
5110.000 0.042
5120.000 0.028
5130.000 0.024
5140.000 0.020
5150.000 0.017
5160.000 0.017
5170.000 0.016
5180.000 0.017
5190.000 0.019
5200.000 0.021
5210.000 0.023
5220.000 0.030
5230.000 0.036
5240.000 0.046
5250.000 0.040
5260.000 0.030
5270.000 0.019
5280.000 0.017
5290.000 0.014
5300.000 0.012
5310.000 0.011
5320.000 0.010
5330.000 0.011
5340.000 0.011
5350.000 0.013
5360.000 0.014
5370.000 0.020
5380.000 0.022
5390.000 0.025
5400.000 0.018
5410.000 0.013
5420.000 0.009
5430.000 0.008
5440.000 0.008
5450.000 0.007
5460.000 0.007
5470.000 0.007
5480.000 0.008
5490.000 0.009
5500.000 0.006
5510.000 0.005
5520.000 0.003
5530.000 0.002
5540.000 0.002
5550.000 0.001
5560.000 0.001
5570.000 0.001
5580.000 0.001
5590.000 0.001
5600.000 0.001
5610.000 0.001
5620.000 0.001
5630.000 0.001
5640.000 0.001
5650.000 0.001
5660.000 0.001
5670.000 0.001
5680.000 0.001
5690.000 0.001
5700.000 0.001
5710.000 0.001
5720.000 0.001
5730.000 0.000
5740.000 0.001
5750.000 0.001
5760.000 0.001
5770.000 0.001
5780.000 0.001
5790.000 0.001
5800.000 0.001
5810.000 0.001
5820.000 0.001
5830.000 0.001
5840.000 0.001
5850.000 0.001
5860.000 0.001
5870.000 0.001
5880.000 0.001
5890.000 0.001
5900.000 0.001
5910.000 0.001
5920.000 0.001
5930.000 0.001
5940.000 0.001
5950.000 0.001
5960.000 0.001
5970.000 0.001
5980.000 0.001
5990.000 0.001
6000.000 0.001
6010.000 0.001
6020.000 0.001
6030.000 0.001
6040.000 0.001
6050.000 0.001
6060.000 0.001
6070.000 0.001
6080.000 0.001
6090.000 0.001
6100.000 0.001
6110.000 0.001
6120.000 0.001
6130.000 0.001
6140.000 0.001
6150.000 0.001
6160.000 0.001
6170.000 0.001
6180.000 0.001
6190.000 0.001
6200.000 0.001
6210.000 0.001
6220.000 0.001
6230.000 0.001
6240.000 0.001
6250.000 0.001
6260.000 0.001
6270.000 0.001
6280.000 0.001
6290.000 0.001
6300.000 0.001
6310.000 0.001
6320.000 0.001
6330.000 0.001
6340.000 0.001
6350.000 0.001
6360.000 0.001
6370.000 0.001
6380.000 0.001
6390.000 0.001
6400.000 0.001
6410.000 0.001
6420.000 0.001
6430.000 0.001
6440.000 0.001
6450.000 0.001
6460.000 0.001
6470.000 0.001
6480.000 0.001
6490.000 0.001
6500.000 0.001
6510.000 0.001
6520.000 0.001
6530.000 0.001
6540.000 0.001
6550.000 0.001
6560.000 0.001
6570.000 0.001
6580.000 0.001
6590.000 0.001
6600.000 0.001
6610.000 0.002
6620.000 0.002
6630.000 0.003
6640.000 0.005
6650.000 0.009
6660.000 0.013
6670.000 0.024
6680.000 0.030
6690.000 0.031
6700.000 0.032
6710.000 0.035
6720.000 0.045
6730.000 0.052
6740.000 0.058
6750.000 0.052
6760.000 0.037
6770.000 0.030
6780.000 0.029
6790.000 0.029
6800.000 0.030
6810.000 0.032
6820.000 0.039
6830.000 0.044
6840.000 0.056
6850.000 0.061
6860.000 0.057
6870.000 0.040
6880.000 0.034
6890.000 0.028
6900.000 0.026
6910.000 0.024
6920.000 0.024
6930.000 0.023
6940.000 0.024
6950.000 0.026
6960.000 0.030
6970.000 0.034
6980.000 0.044
6990.000 0.055
7000.000 0.059
7010.000 0.049
7020.000 0.042
7030.000 0.030
7040.000 0.024
7050.000 0.023
7060.000 0.020
7070.000 0.019
7080.000 0.019
7090.000 0.019
7100.000 0.020
7110.000 0.022
7120.000 0.023
7130.000 0.028
7140.000 0.036
7150.000 0.045
7160.000 0.047
7170.000 0.045
7180.000 0.032
7190.000 0.023
7200.000 0.018
7210.000 0.017
7220.000 0.016
7230.000 0.014
7240.000 0.013
7250.000 0.012
7260.000 0.012
7270.000 0.013
7280.000 0.013
7290.000 0.015
7300.000 0.016
7310.000 0.019
7320.000 0.024
7330.000 0.028
7340.000 0.034
7350.000 0.034
7360.000 0.028
7370.000 0.024
7380.000 0.018
7390.000 0.014
7400.000 0.013
7410.000 0.012
7420.000 0.011
7430.000 0.011
7440.000 0.011
7450.000 0.011
7460.000 0.012
7470.000 0.012
7480.000 0.014
7490.000 0.017
7500.000 0.019
7510.000 0.025
7520.000 0.028
7530.000 0.029
7540.000 0.021
7550.000 0.015
7560.000 0.014
7570.000 0.011
7580.000 0.011
7590.000 0.011
7600.000 0.010
7610.000 0.010
7620.000 0.010
7630.000 0.011
7640.000 0.012
7650.000 0.014
7660.000 0.017
7670.000 0.019
7680.000 0.022
7690.000 0.021
7700.000 0.014
7710.000 0.011
7720.000 0.008
7730.000 0.008
7740.000 0.008
7750.000 0.007
7760.000 0.007
7770.000 0.007
7780.000 0.008
7790.000 0.009
7800.000 0.011
7810.000 0.011
7820.000 0.011
7830.000 0.008
7840.000 0.006
7850.000 0.005
7860.000 0.004
7870.000 0.004
7880.000 0.004
7890.000 0.004
7900.000 0.005
7910.000 0.004
7920.000 0.003
7930.000 0.001
7940.000 0.001
7950.000 0.001
7960.000 0.001
7970.000 0.001
7980.000 0.001
7990.000 0.001
8000.000 0.001
8010.000 0.001
8020.000 0.001
8030.000 0.001
8040.000 0.001
8050.000 0.000
8060.000 0.001
8070.000 0.001
8080.000 0.001
8090.000 0.001
8100.000 0.001
8110.000 0.001
8120.000 0.001
8130.000 0.001
8140.000 0.001
8150.000 0.001
8160.000 0.001
8170.000 0.001
8180.000 0.001
8190.000 0.001
8200.000 0.001
8210.000 0.001
8220.000 0.001
8230.000 0.001
8240.000 0.001
8250.000 0.001
8260.000 0.001
8270.000 0.001
8280.000 0.001
8290.000 0.001
8300.000 0.001
8310.000 0.001
8320.000 0.001
8330.000 0.001
8340.000 0.001
8350.000 0.001
8360.000 0.001
8370.000 0.001
8380.000 0.001
8390.000 0.001
8400.000 0.001
8410.000 0.001
8420.000 0.001
8430.000 0.001
8440.000 0.001
8450.000 0.001
8460.000 0.001
8470.000 0.001
8480.000 0.001
8490.000 0.001
8500.000 0.001
8510.000 0.001
8520.000 0.001
8530.000 0.002
8540.000 0.001
8550.000 0.001
8560.000 0.001
8570.000 0.001
8580.000 0.001
8590.000 0.001
8600.000 0.001
8610.000 0.001
8620.000 0.001
8630.000 0.001
8640.000 0.001
8650.000 0.001
8660.000 0.001
8670.000 0.001
8680.000 0.002
8690.000 0.001
8700.000 0.002
8710.000 0.001
8720.000 0.001
8730.000 0.001
8740.000 0.001
8750.000 0.001
8760.000 0.001
8770.000 0.001
8780.000 0.002
8790.000 0.001
8800.000 0.001
8810.000 0.001
8820.000 0.001
8830.000 0.001
8840.000 0.001
8850.000 0.001
8860.000 0.001
8870.000 0.001
8880.000 0.001
8890.000 0.001
8900.000 0.001
8910.000 0.001
8920.000 0.001
8930.000 0.002
8940.000 0.001
8950.000 0.001
8960.000 0.001
8970.000 0.001
8980.000 0.001
8990.000 0.001
9000.000 0.001
9010.000 0.000
9020.000 0.001
9030.000 0.001
9040.000 0.001
9050.000 0.001
9060.000 0.001
9070.000 0.001
9080.000 0.001
9090.000 0.001
9100.000 0.001
9110.000 0.001
9120.000 0.001
9130.000 0.001
9140.000 0.001
9150.000 0.001
9160.000 0.002
9170.000 0.003
9180.000 0.006
9190.000 0.010
9200.000 0.012
9210.000 0.014
9220.000 0.017
9230.000 0.021
9240.000 0.020
9250.000 0.015
9260.000 0.014
9270.000 0.014
9280.000 0.015
9290.000 0.016
9300.000 0.019
9310.000 0.020
9320.000 0.017
9330.000 0.012
9340.000 0.011
9350.000 0.010
9360.000 0.010
9370.000 0.011
9380.000 0.013
9390.000 0.013
9400.000 0.015
9410.000 0.013
9420.000 0.009
9430.000 0.007
9440.000 0.006
9450.000 0.005
9460.000 0.005
9470.000 0.005
9480.000 0.003
9490.000 0.002
9500.000 0.001
9510.000 0.002
9520.000 0.002
9530.000 0.001
9540.000 0.001
9550.000 0.001
9560.000 0.001
9570.000 0.001
9580.000 0.001
9590.000 0.001
9600.000 0.001
9610.000 0.001
9620.000 0.001
9630.000 0.001
9640.000 0.001
9650.000 0.001
9660.000 0.002
9670.000 0.001
9680.000 0.001
9690.000 0.001
9700.000 0.002
9710.000 0.001
9720.000 0.001
9730.000 0.001
9740.000 0.001
9750.000 0.001
9760.000 0.001
9770.000 0.001
9780.000 0.001
9790.000 0.001
9800.000 0.001
9810.000 0.002
9820.000 0.001
9830.000 0.002
9840.000 0.001
9850.000 0.001
9860.000 0.001
9870.000 0.001
9880.000 0.001
9890.000 0.002
9900.000 0.001
9910.000 0.001
9920.000 0.001
9930.000 0.001
9940.000 0.002
9950.000 0.001
9960.000 0.001
9970.000 0.002
9980.000 0.001
9990.000 0.001
10000.000 0.002
10010.000 0.002
10020.000 0.001
10030.000 0.001
10040.000 0.001
10050.000 0.001
10060.000 0.002
10070.000 0.002
10080.000 0.001
10090.000 0.001
10100.000 0.002
10110.000 0.002
10120.000 0.002
10130.000 0.001
10140.000 0.001
10150.000 0.002
10160.000 0.001
10170.000 0.001
10180.000 0.001
10190.000 0.002
10200.000 0.001
10210.000 0.001
10220.000 0.002
10230.000 0.001
10240.000 0.001
10250.000 0.001
10260.000 0.002
10270.000 0.003
10280.000 0.002
10290.000 0.002
10300.000 0.003
10310.000 0.004
10320.000 0.004
10330.000 0.004
10340.000 0.003
10350.000 0.004
10360.000 0.004
10370.000 0.005
10380.000 0.007
10390.000 0.008
10400.000 0.008
10410.000 0.008
10420.000 0.007
10430.000 0.007
10440.000 0.006
10450.000 0.007
10460.000 0.009
10470.000 0.009
10480.000 0.012
10490.000 0.012
10500.000 0.011
10510.000 0.008
10520.000 0.007
10530.000 0.006
10540.000 0.005
10550.000 0.005
10560.000 0.005
10570.000 0.005
10580.000 0.006
10590.000 0.006
10600.000 0.006
10610.000 0.005
10620.000 0.004
10630.000 0.004
10640.000 0.004
10650.000 0.004
10660.000 0.004
10670.000 0.004
10680.000 0.004
10690.000 0.003
10700.000 0.003
10710.000 0.002
10720.000 0.002
10730.000 0.002
10740.000 0.002
10750.000 0.002
10760.000 0.001
10770.000 0.001
10780.000 0.002
10790.000 0.001
10800.000 0.001
10810.000 0.001
10820.000 0.002
10830.000 0.002
10840.000 0.001
10850.000 0.001
10860.000 0.002
10870.000 0.001
10880.000 0.002
10890.000 0.002
10900.000 0.002
10910.000 0.002
10920.000 0.002
10930.000 0.001
10940.000 0.001
10950.000 0.001
10960.000 0.002
10970.000 0.002
10980.000 0.002
10990.000 0.002
11000.000 0.001
11010.000 0.001
11020.000 0.001
11030.000 0.002
11040.000 0.001
11050.000 0.002
11060.000 0.002
11070.000 0.001
11080.000 0.002
11090.000 0.001
11100.000 0.001
11110.000 0.002
11120.000 0.002
11130.000 0.002
11140.000 0.002
11150.000 0.001
11160.000 0.002
11170.000 0.001
11180.000 0.001
11190.000 0.002
11200.000 0.001
11210.000 0.002
11220.000 0.002
11230.000 0.001
11240.000 0.002
11250.000 0.001
11260.000 0.002
11270.000 0.002
11280.000 0.002
11290.000 0.001
11300.000 0.002
11310.000 0.002
11320.000 0.001
11330.000 0.001
11340.000 0.001
11350.000 0.002
11360.000 0.002
11370.000 0.002
11380.000 0.002
11390.000 0.002
11400.000 0.002
11410.000 0.002
11420.000 0.001
11430.000 0.001
11440.000 0.001
11450.000 0.001
11460.000 0.001
11470.000 0.001
11480.000 0.004
11490.000 0.004
11500.000 0.005
11510.000 0.007
11520.000 0.009
11530.000 0.010
11540.000 0.010
11550.000 0.009
11560.000 0.007
11570.000 0.006
11580.000 0.006
11590.000 0.006
11600.000 0.006
11610.000 0.007
11620.000 0.006
11630.000 0.006
11640.000 0.005
11650.000 0.005
11660.000 0.004
11670.000 0.005
11680.000 0.006
11690.000 0.007
11700.000 0.006
11710.000 0.006
11720.000 0.004
11730.000 0.003
11740.000 0.003
11750.000 0.002
11760.000 0.001
11770.000 0.001
11780.000 0.001
11790.000 0.001
11800.000 0.001
11810.000 0.002
11820.000 0.002
11830.000 0.002
11840.000 0.002
11850.000 0.002
11860.000 0.002
11870.000 0.002
11880.000 0.002
11890.000 0.002
11900.000 0.002
11910.000 0.002
11920.000 0.002
11930.000 0.002
11940.000 0.002
11950.000 0.002
11960.000 0.002
11970.000 0.002
11980.000 0.001
11990.000 0.002
12000.000 0.002
