10.000 0.026
20.000 0.408
30.000 0.460
40.000 0.287
50.000 0.214
60.000 0.141
70.000 0.129
80.000 0.112
90.000 0.123
100.000 0.081
110.000 0.117
120.000 0.056
130.000 0.063
140.000 0.078
150.000 0.062
160.000 0.061
170.000 0.057
180.000 0.058
190.000 0.044
200.000 0.045
210.000 0.058
220.000 0.050
230.000 0.050
240.000 0.051
250.000 0.074
260.000 0.069
270.000 0.067
280.000 0.055
290.000 0.049
300.000 0.061
310.000 0.070
320.000 0.057
330.000 0.041
340.000 0.049
350.000 0.032
360.000 0.034
370.000 0.041
380.000 0.027
390.000 0.031
400.000 0.027
410.000 0.027
420.000 0.026
430.000 0.029
440.000 0.031
450.000 0.036
460.000 0.053
470.000 0.064
480.000 0.095
490.000 0.127
500.000 0.158
510.000 0.128
520.000 0.116
530.000 0.102
540.000 0.092
550.000 0.087
560.000 0.088
570.000 0.088
580.000 0.084
590.000 0.082
600.000 0.079
610.000 0.069
620.000 0.068
630.000 0.061
640.000 0.058
650.000 0.054
660.000 0.051
670.000 0.051
680.000 0.050
690.000 0.052
700.000 0.058
710.000 0.067
720.000 0.076
730.000 0.084
740.000 0.075
750.000 0.034
760.000 0.019
770.000 0.016
780.000 0.011
790.000 0.009
800.000 0.008
810.000 0.009
820.000 0.072
830.000 0.007
840.000 0.007
850.000 0.007
860.000 0.006
870.000 0.006
880.000 0.004
890.000 0.002
900.000 0.002
910.000 0.004
920.000 0.006
930.000 0.010
940.000 0.013
950.000 0.021
960.000 0.038
970.000 0.045
980.000 0.035
990.000 0.030
1000.000 0.024
1010.000 0.021
1020.000 0.020
1030.000 0.019
1040.000 0.018
1050.000 0.017
1060.000 0.017
1070.000 0.017
1080.000 0.017
1090.000 0.018
1100.000 0.017
1110.000 0.018
1120.000 0.019
1130.000 0.021
1140.000 0.021
1150.000 0.025
1160.000 0.029
1170.000 0.033
1180.000 0.045
1190.000 0.053
1200.000 0.067
1210.000 0.045
1220.000 0.031
1230.000 0.020
1240.000 0.017
1250.000 0.012
1260.000 0.010
1270.000 0.009
1280.000 0.008
1290.000 0.009
1300.000 0.009
1310.000 0.010
1320.000 0.011
1330.000 0.012
1340.000 0.012
1350.000 0.014
1360.000 0.016
1370.000 0.018
1380.000 0.022
1390.000 0.025
1400.000 0.034
1410.000 0.041
1420.000 0.066
1430.000 0.097
1440.000 0.099
1450.000 0.062
1460.000 0.050
1470.000 0.039
1480.000 0.033
1490.000 0.032
1500.000 0.029
1510.000 0.028
1520.000 0.026
1530.000 0.026
1540.000 0.025
1550.000 0.026
1560.000 0.026
1570.000 0.028
1580.000 0.031
1590.000 0.032
1600.000 0.038
1610.000 0.041
1620.000 0.052
1630.000 0.069
1640.000 0.083
1650.000 0.124
1660.000 0.149
1670.000 0.144
1680.000 0.083
1690.000 0.067
1700.000 0.051
1710.000 0.045
1720.000 0.039
1730.000 0.035
1740.000 0.033
1750.000 0.032
1760.000 0.032
1770.000 0.031
1780.000 0.033
1790.000 0.034
1800.000 0.038
1810.000 0.040
1820.000 0.047
1830.000 0.057
1840.000 0.064
1850.000 0.087
1860.000 0.102
1870.000 0.150
1880.000 0.202
1890.000 0.202
1900.000 0.146
1910.000 0.122
1920.000 0.094
1930.000 0.078
1940.000 0.073
1950.000 0.066
1960.000 0.064
1970.000 0.062
1980.000 0.061
1990.000 0.061
2000.000 0.063
2010.000 0.064
2020.000 0.069
2030.000 0.074
2040.000 0.079
2050.000 0.092
2060.000 0.099
2070.000 0.122
2080.000 0.155
2090.000 0.174
2100.000 0.202
2110.000 0.196
2120.000 0.154
2130.000 0.114
2140.000 0.099
2150.000 0.079
2160.000 0.073
2170.000 0.062
2180.000 0.056
2190.000 0.054
2200.000 0.051
2210.000 0.050
2220.000 0.050
2230.000 0.051
2240.000 0.053
2250.000 0.059
2260.000 0.064
2270.000 0.077
2280.000 0.100
2290.000 0.117
2300.000 0.151
2310.000 0.154
2320.000 0.105
2330.000 0.067
2340.000 0.058
2350.000 0.044
2360.000 0.040
2370.000 0.033
2380.000 0.030
2390.000 0.029
2400.000 0.028
2410.000 0.028
2420.000 0.030
2430.000 0.035
2440.000 0.040
2450.000 0.053
2460.000 0.055
2470.000 0.032
2480.000 0.016
2490.000 0.012
2500.000 0.008
2510.000 0.007
2520.000 0.005
2530.000 0.004
2540.000 0.004
2550.000 0.004
2560.000 0.004
2570.000 0.004
2580.000 0.004
2590.000 0.003
2600.000 0.004
2610.000 0.003
2620.000 0.003
2630.000 0.004
2640.000 0.004
2650.000 0.003
2660.000 0.003
2670.000 0.004
2680.000 0.003
2690.000 0.004
2700.000 0.004
2710.000 0.004
2720.000 0.003
2730.000 0.003
2740.000 0.002
2750.000 0.003
2760.000 0.003
2770.000 0.003
2780.000 0.003
2790.000 0.003
2800.000 0.004
2810.000 0.003
2820.000 0.003
2830.000 0.003
2840.000 0.003
2850.000 0.003
2860.000 0.003
2870.000 0.003
2880.000 0.003
2890.000 0.003
2900.000 0.003
2910.000 0.002
2920.000 0.003
2930.000 0.003
2940.000 0.003
2950.000 0.003
2960.000 0.003
2970.000 0.003
2980.000 0.003
2990.000 0.003
3000.000 0.003
3010.000 0.003
3020.000 0.003
3030.000 0.002
3040.000 0.004
3050.000 0.003
3060.000 0.003
3070.000 0.003
3080.000 0.003
3090.000 0.002
3100.000 0.003
3110.000 0.003
3120.000 0.003
3130.000 0.004
3140.000 0.003
3150.000 0.003
3160.000 0.003
3170.000 0.003
3180.000 0.004
3190.000 0.004
3200.000 0.004
3210.000 0.004
3220.000 0.005
3230.000 0.006
3240.000 0.007
3250.000 0.009
3260.000 0.010
3270.000 0.014
3280.000 0.016
3290.000 0.025
3300.000 0.042
3310.000 0.057
3320.000 0.104
3330.000 0.126
3340.000 0.102
3350.000 0.085
3360.000 0.085
3370.000 0.096
3380.000 0.109
3390.000 0.149
3400.000 0.194
3410.000 0.188
3420.000 0.116
3430.000 0.095
3440.000 0.072
3450.000 0.061
3460.000 0.058
3470.000 0.055
3480.000 0.054
3490.000 0.056
3500.000 0.062
3510.000 0.067
3520.000 0.084
3530.000 0.096
3540.000 0.133
3550.000 0.176
3560.000 0.176
3570.000 0.114
3580.000 0.091
3590.000 0.065
3600.000 0.052
3610.000 0.048
3620.000 0.042
3630.000 0.041
3640.000 0.038
3650.000 0.038
3660.000 0.038
3670.000 0.040
3680.000 0.042
3690.000 0.048
3700.000 0.057
3710.000 0.065
3720.000 0.089
3730.000 0.107
3740.000 0.145
3750.000 0.147
3760.000 0.095
3770.000 0.063
3780.000 0.054
3790.000 0.044
3800.000 0.040
3810.000 0.035
3820.000 0.032
3830.000 0.031
3840.000 0.031
3850.000 0.030
3860.000 0.031
3870.000 0.033
3880.000 0.035
3890.000 0.040
3900.000 0.043
3910.000 0.054
3920.000 0.072
3930.000 0.085
3940.000 0.118
3950.000 0.125
3960.000 0.089
3970.000 0.056
3980.000 0.048
3990.000 0.037
4000.000 0.033
4010.000 0.029
4020.000 0.026
4030.000 0.025
4040.000 0.023
4050.000 0.023
4060.000 0.024
4070.000 0.024
4080.000 0.025
4090.000 0.028
4100.000 0.030
4110.000 0.036
4120.000 0.046
4130.000 0.054
4140.000 0.078
4150.000 0.092
4160.000 0.099
4170.000 0.062
4180.000 0.051
4190.000 0.037
4200.000 0.034
4210.000 0.028
4220.000 0.025
4230.000 0.023
4240.000 0.022
4250.000 0.021
4260.000 0.021
4270.000 0.022
4280.000 0.022
4290.000 0.023
4300.000 0.025
4310.000 0.028
4320.000 0.034
4330.000 0.039
4340.000 0.053
4350.000 0.062
4360.000 0.077
4370.000 0.073
4380.000 0.044
4390.000 0.029
4400.000 0.024
4410.000 0.018
4420.000 0.017
4430.000 0.014
4440.000 0.013
4450.000 0.013
4460.000 0.012
4470.000 0.012
4480.000 0.013
4490.000 0.014
4500.000 0.014
4510.000 0.017
4520.000 0.019
4530.000 0.024
4540.000 0.033
4550.000 0.041
4560.000 0.058
4570.000 0.062
4580.000 0.046
4590.000 0.032
4600.000 0.028
4610.000 0.023
4620.000 0.022
4630.000 0.021
4640.000 0.019
4650.000 0.019
4660.000 0.020
4670.000 0.020
4680.000 0.022
4690.000 0.025
4700.000 0.027
4710.000 0.033
4720.000 0.037
4730.000 0.049
4740.000 0.070
4750.000 0.082
4760.000 0.095
4770.000 0.083
4780.000 0.120
4790.000 0.038
4800.000 0.033
4810.000 0.027
4820.000 0.025
4830.000 0.022
4840.000 0.020
4850.000 0.020
4860.000 0.020
4870.000 0.020
4880.000 0.022
4890.000 0.026
4900.000 0.029
4910.000 0.038
4920.000 0.043
4930.000 0.056
4940.000 0.047
4950.000 0.037
4960.000 0.024
4970.000 0.021
4980.000 0.017
4990.000 0.014
5000.000 0.014
5010.000 0.013
5020.000 0.013
5030.000 0.014
5040.000 0.016
5050.000 0.017
5060.000 0.022
5070.000 0.025
5080.000 0.027
5090.000 0.019
5100.000 0.014
5110.000 0.010
5120.000 0.009
5130.000 0.007
5140.000 0.006
5150.000 0.006
5160.000 0.006
5170.000 0.006
5180.000 0.007
5190.000 0.004
5200.000 0.003
5210.000 0.002
5220.000 0.002
5230.000 0.001
5240.000 0.001
5250.000 0.002
5260.000 0.001
5270.000 0.001
5280.000 0.002
5290.000 0.001
5300.000 0.001
5310.000 0.001
5320.000 0.001
5330.000 0.001
5340.000 0.001
5350.000 0.001
5360.000 0.001
5370.000 0.001
5380.000 0.001
5390.000 0.001
5400.000 0.001
5410.000 0.001
5420.000 0.001
5430.000 0.001
5440.000 0.001
5450.000 0.002
5460.000 0.001
5470.000 0.002
5480.000 0.001
5490.000 0.001
5500.000 0.001
5510.000 0.001
5520.000 0.002
5530.000 0.001
5540.000 0.001
5550.000 0.001
5560.000 0.001
5570.000 0.001
5580.000 0.002
5590.000 0.001
5600.000 0.001
5610.000 0.001
5620.000 0.002
5630.000 0.002
5640.000 0.001
5650.000 0.001
5660.000 0.001
5670.000 0.001
5680.000 0.001
5690.000 0.001
5700.000 0.001
5710.000 0.001
5720.000 0.001
5730.000 0.001
5740.000 0.001
5750.000 0.001
5760.000 0.001
5770.000 0.001
5780.000 0.001
5790.000 0.001
5800.000 0.001
5810.000 0.001
5820.000 0.001
5830.000 0.001
5840.000 0.001
5850.000 0.001
5860.000 0.001
5870.000 0.001
5880.000 0.001
5890.000 0.001
5900.000 0.001
5910.000 0.001
5920.000 0.001
5930.000 0.001
5940.000 0.001
5950.000 0.001
5960.000 0.001
5970.000 0.001
5980.000 0.001
5990.000 0.001
6000.000 0.001
6010.000 0.001
6020.000 0.001
6030.000 0.001
6040.000 0.001
6050.000 0.001
6060.000 0.001
6070.000 0.001
6080.000 0.001
6090.000 0.001
6100.000 0.001
6110.000 0.001
6120.000 0.001
6130.000 0.001
6140.000 0.001
6150.000 0.001
6160.000 0.001
6170.000 0.001
6180.000 0.001
6190.000 0.001
6200.000 0.001
6210.000 0.001
6220.000 0.001
6230.000 0.001
6240.000 0.001
6250.000 0.001
6260.000 0.001
6270.000 0.001
6280.000 0.001
6290.000 0.001
6300.000 0.001
6310.000 0.001
6320.000 0.001
6330.000 0.001
6340.000 0.001
6350.000 0.001
6360.000 0.001
6370.000 0.001
6380.000 0.001
6390.000 0.001
6400.000 0.001
6410.000 0.001
6420.000 0.001
6430.000 0.001
6440.000 0.001
6450.000 0.001
6460.000 0.001
6470.000 0.001
6480.000 0.001
6490.000 0.001
6500.000 0.001
6510.000 0.001
6520.000 0.001
6530.000 0.002
6540.000 0.002
6550.000 0.002
6560.000 0.003
6570.000 0.004
6580.000 0.006
6590.000 0.008
6600.000 0.015
6610.000 0.030
6620.000 0.037
6630.000 0.041
6640.000 0.041
6650.000 0.051
6660.000 0.069
6670.000 0.078
6680.000 0.071
6690.000 0.059
6700.000 0.046
6710.000 0.041
6720.000 0.041
6730.000 0.044
6740.000 0.048
6750.000 0.061
6760.000 0.070
6770.000 0.090
6780.000 0.086
6790.000 0.071
6800.000 0.050
6810.000 0.044
6820.000 0.037
6830.000 0.034
6840.000 0.033
6850.000 0.034
6860.000 0.035
6870.000 0.040
6880.000 0.049
6890.000 0.055
6900.000 0.073
6910.000 0.081
6920.000 0.081
6930.000 0.056
6940.000 0.047
6950.000 0.036
6960.000 0.033
6970.000 0.029
6980.000 0.027
6990.000 0.026
7000.000 0.026
7010.000 0.026
7020.000 0.029
7030.000 0.033
7040.000 0.037
7050.000 0.046
7060.000 0.054
7070.000 0.068
7080.000 0.066
7090.000 0.056
7100.000 0.039
7110.000 0.034
7120.000 0.027
7130.000 0.023
7140.000 0.021
7150.000 0.020
7160.000 0.020
7170.000 0.020
7180.000 0.020
7190.000 0.021
7200.000 0.025
7210.000 0.027
7220.000 0.033
7230.000 0.044
7240.000 0.049
7250.000 0.056
7260.000 0.053
7270.000 0.038
7280.000 0.028
7290.000 0.025
7300.000 0.021
7310.000 0.020
7320.000 0.018
7330.000 0.018
7340.000 0.017
7350.000 0.017
7360.000 0.018
7370.000 0.020
7380.000 0.023
7390.000 0.025
7400.000 0.032
7410.000 0.037
7420.000 0.047
7430.000 0.046
7440.000 0.040
7450.000 0.028
7460.000 0.025
7470.000 0.019
7480.000 0.017
7490.000 0.015
7500.000 0.015
7510.000 0.014
7520.000 0.015
7530.000 0.015
7540.000 0.015
7550.000 0.017
7560.000 0.018
7570.000 0.023
7580.000 0.029
7590.000 0.033
7600.000 0.038
7610.000 0.036
7620.000 0.026
7630.000 0.019
7640.000 0.018
7650.000 0.014
7660.000 0.013
7670.000 0.012
7680.000 0.011
7690.000 0.012
7700.000 0.013
7710.000 0.013
7720.000 0.015
7730.000 0.017
7740.000 0.020
7750.000 0.025
7760.000 0.028
7770.000 0.028
7780.000 0.020
7790.000 0.016
7800.000 0.013
7810.000 0.012
7820.000 0.010
7830.000 0.010
7840.000 0.009
7850.000 0.009
7860.000 0.009
7870.000 0.010
7880.000 0.013
7890.000 0.014
7900.000 0.017
7910.000 0.017
7920.000 0.015
7930.000 0.012
7940.000 0.009
7950.000 0.007
7960.000 0.007
7970.000 0.007
7980.000 0.007
7990.000 0.007
8000.000 0.008
8010.000 0.008
8020.000 0.009
8030.000 0.009
8040.000 0.007
8050.000 0.004
8060.000 0.004
8070.000 0.003
8080.000 0.003
8090.000 0.002
8100.000 0.002
8110.000 0.001
8120.000 0.001
8130.000 0.001
8140.000 0.001
8150.000 0.001
8160.000 0.001
8170.000 0.001
8180.000 0.001
8190.000 0.001
8200.000 0.001
8210.000 0.001
8220.000 0.001
8230.000 0.001
8240.000 0.001
8250.000 0.001
8260.000 0.001
8270.000 0.001
8280.000 0.001
8290.000 0.001
8300.000 0.001
8310.000 0.001
8320.000 0.001
8330.000 0.001
8340.000 0.001
8350.000 0.001
8360.000 0.001
8370.000 0.001
8380.000 0.001
8390.000 0.001
8400.000 0.001
8410.000 0.001
8420.000 0.001
8430.000 0.001
8440.000 0.001
8450.000 0.001
8460.000 0.001
8470.000 0.001
8480.000 0.001
8490.000 0.001
8500.000 0.001
8510.000 0.001
8520.000 0.001
8530.000 0.001
8540.000 0.001
8550.000 0.001
8560.000 0.001
8570.000 0.001
8580.000 0.001
8590.000 0.001
8600.000 0.001
8610.000 0.001
8620.000 0.001
8630.000 0.001
8640.000 0.001
8650.000 0.001
8660.000 0.001
8670.000 0.001
8680.000 0.001
8690.000 0.001
8700.000 0.001
8710.000 0.001
8720.000 0.001
8730.000 0.001
8740.000 0.001
8750.000 0.001
8760.000 0.001
8770.000 0.001
8780.000 0.001
8790.000 0.001
8800.000 0.001
8810.000 0.001
8820.000 0.001
8830.000 0.001
8840.000 0.001
8850.000 0.001
8860.000 0.001
8870.000 0.001
8880.000 0.001
8890.000 0.001
8900.000 0.001
8910.000 0.001
8920.000 0.001
8930.000 0.001
8940.000 0.001
8950.000 0.001
8960.000 0.001
8970.000 0.001
8980.000 0.001
8990.000 0.001
9000.000 0.001
9010.000 0.001
9020.000 0.001
9030.000 0.001
9040.000 0.001
9050.000 0.001
9060.000 0.002
9070.000 0.001
9080.000 0.001
9090.000 0.001
9100.000 0.002
9110.000 0.001
9120.000 0.001
9130.000 0.001
9140.000 0.001
9150.000 0.001
9160.000 0.001
9170.000 0.001
9180.000 0.001
9190.000 0.001
9200.000 0.001
9210.000 0.001
9220.000 0.001
9230.000 0.001
9240.000 0.001
9250.000 0.001
9260.000 0.001
9270.000 0.001
9280.000 0.002
9290.000 0.001
9300.000 0.002
9310.000 0.001
9320.000 0.001
9330.000 0.001
9340.000 0.001
9350.000 0.001
9360.000 0.001
9370.000 0.001
9380.000 0.002
9390.000 0.001
9400.000 0.001
9410.000 0.001
9420.000 0.002
9430.000 0.001
9440.000 0.001
9450.000 0.001
9460.000 0.001
9470.000 0.001
9480.000 0.001
9490.000 0.001
9500.000 0.001
9510.000 0.001
9520.000 0.001
9530.000 0.002
9540.000 0.001
9550.000 0.002
9560.000 0.001
9570.000 0.001
9580.000 0.001
9590.000 0.001
9600.000 0.001
9610.000 0.002
9620.000 0.002
9630.000 0.001
9640.000 0.001
9650.000 0.002
9660.000 0.001
9670.000 0.001
9680.000 0.001
9690.000 0.001
9700.000 0.001
9710.000 0.001
9720.000 0.001
9730.000 0.001
9740.000 0.001
9750.000 0.001
9760.000 0.001
9770.000 0.001
9780.000 0.001
9790.000 0.001
9800.000 0.001
9810.000 0.001
9820.000 0.002
9830.000 0.002
9840.000 0.004
9850.000 0.004
9860.000 0.008
9870.000 0.010
9880.000 0.010
9890.000 0.012
9900.000 0.012
9910.000 0.018
9920.000 0.021
9930.000 0.019
9940.000 0.016
9950.000 0.016
9960.000 0.015
9970.000 0.017
9980.000 0.019
9990.000 0.025
10000.000 0.028
10010.000 0.032
10020.000 0.026
10030.000 0.022
10040.000 0.018
10050.000 0.017
10060.000 0.015
10070.000 0.016
10080.000 0.016
10090.000 0.019
10100.000 0.020
10110.000 0.025
10120.000 0.031
10130.000 0.032
10140.000 0.026
10150.000 0.022
10160.000 0.018
10170.000 0.015
10180.000 0.014
10190.000 0.014
10200.000 0.014
10210.000 0.015
10220.000 0.017
10230.000 0.018
10240.000 0.023
10250.000 0.025
10260.000 0.031
10270.000 0.032
10280.000 0.028
10290.000 0.020
10300.000 0.018
10310.000 0.015
10320.000 0.014
10330.000 0.012
10340.000 0.012
10350.000 0.012
10360.000 0.012
10370.000 0.013
10380.000 0.014
10390.000 0.018
10400.000 0.020
10410.000 0.025
10420.000 0.026
10430.000 0.024
10440.000 0.018
10450.000 0.015
10460.000 0.013
10470.000 0.012
10480.000 0.011
10490.000 0.010
10500.000 0.010
10510.000 0.011
10520.000 0.012
10530.000 0.013
10540.000 0.015
10550.000 0.017
10560.000 0.020
10570.000 0.022
10580.000 0.024
10590.000 0.019
10600.000 0.016
10610.000 0.013
10620.000 0.011
10630.000 0.009
10640.000 0.008
10650.000 0.008
10660.000 0.009
10670.000 0.008
10680.000 0.009
10690.000 0.009
10700.000 0.010
10710.000 0.011
10720.000 0.012
10730.000 0.014
10740.000 0.014
10750.000 0.013
10760.000 0.011
10770.000 0.010
10780.000 0.008
10790.000 0.007
10800.000 0.007
10810.000 0.007
10820.000 0.008
10830.000 0.008
10840.000 0.008
10850.000 0.009
10860.000 0.011
10870.000 0.013
10880.000 0.014
10890.000 0.014
10900.000 0.011
10910.000 0.008
10920.000 0.007
10930.000 0.006
10940.000 0.006
10950.000 0.005
10960.000 0.005
10970.000 0.005
10980.000 0.005
10990.000 0.006
11000.000 0.006
11010.000 0.007
11020.000 0.006
11030.000 0.005
11040.000 0.005
11050.000 0.005
11060.000 0.004
11070.000 0.004
11080.000 0.005
11090.000 0.005
11100.000 0.005
11110.000 0.005
11120.000 0.005
11130.000 0.004
11140.000 0.004
11150.000 0.003
11160.000 0.003
11170.000 0.002
11180.000 0.001
11190.000 0.001
11200.000 0.001
11210.000 0.002
11220.000 0.001
11230.000 0.001
11240.000 0.002
11250.000 0.002
11260.000 0.002
11270.000 0.002
11280.000 0.002
11290.000 0.002
11300.000 0.001
11310.000 0.002
11320.000 0.002
11330.000 0.002
11340.000 0.002
11350.000 0.001
11360.000 0.002
11370.000 0.001
11380.000 0.002
11390.000 0.001
11400.000 0.002
11410.000 0.002
11420.000 0.001
11430.000 0.002
11440.000 0.002
11450.000 0.001
11460.000 0.002
11470.000 0.002
11480.000 0.002
11490.000 0.001
11500.000 0.002
11510.000 0.002
11520.000 0.002
11530.000 0.002
11540.000 0.002
11550.000 0.002
11560.000 0.001
11570.000 0.002
11580.000 0.001
11590.000 0.002
11600.000 0.002
11610.000 0.002
11620.000 0.002
11630.000 0.002
11640.000 0.002
11650.000 0.002
11660.000 0.001
11670.000 0.002
11680.000 0.001
11690.000 0.002
11700.000 0.001
11710.000 0.002
11720.000 0.002
11730.000 0.002
11740.000 0.002
11750.000 0.002
11760.000 0.002
11770.000 0.002
11780.000 0.002
11790.000 0.002
11800.000 0.002
11810.000 0.002
11820.000 0.002
11830.000 0.001
11840.000 0.002
11850.000 0.002
11860.000 0.002
11870.000 0.002
11880.000 0.002
11890.000 0.001
11900.000 0.002
11910.000 0.002
11920.000 0.002
11930.000 0.002
11940.000 0.001
11950.000 0.002
11960.000 0.002
11970.000 0.001
11980.000 0.003
11990.000 0.002
12000.000 0.002
