10.000 0.057
20.000 0.354
30.000 0.601
40.000 0.272
50.000 0.201
60.000 0.113
70.000 0.131
80.000 0.088
90.000 0.145
100.000 0.072
110.000 0.089
120.000 0.086
130.000 0.067
140.000 0.086
150.000 0.087
160.000 0.044
170.000 0.072
180.000 0.062
190.000 0.051
200.000 0.037
210.000 0.043
220.000 0.061
230.000 0.066
240.000 0.097
250.000 0.035
260.000 0.058
270.000 0.043
280.000 0.038
290.000 0.031
300.000 0.047
310.000 0.045
320.000 0.040
330.000 0.035
340.000 0.041
350.000 0.046
360.000 0.029
370.000 0.031
380.000 0.030
390.000 0.016
400.000 0.026
410.000 0.034
420.000 0.027
430.000 0.033
440.000 0.031
450.000 0.039
460.000 0.042
470.000 0.037
480.000 0.058
490.000 0.069
500.000 0.078
510.000 0.145
520.000 0.128
530.000 0.125
540.000 0.161
550.000 0.165
560.000 0.158
570.000 0.180
580.000 0.169
590.000 0.154
600.000 0.139
610.000 0.131
620.000 0.117
630.000 0.095
640.000 0.090
650.000 0.076
660.000 0.066
670.000 0.053
680.000 0.050
690.000 0.047
700.000 0.042
710.000 0.036
720.000 0.032
730.000 0.030
740.000 0.028
750.000 0.025
760.000 0.023
770.000 0.022
780.000 0.021
790.000 0.021
800.000 0.019
810.000 0.019
820.000 0.018
830.000 0.016
840.000 0.016
850.000 0.015
860.000 0.015
870.000 0.015
880.000 0.016
890.000 0.016
900.000 0.018
910.000 0.018
920.000 0.018
930.000 0.018
940.000 0.016
950.000 0.018
960.000 0.017
970.000 0.017
980.000 0.017
990.000 0.016
1000.000 0.016
1010.000 0.016
1020.000 0.018
1030.000 0.017
1040.000 0.018
1050.000 0.018
1060.000 0.019
1070.000 0.019
1080.000 0.020
1090.000 0.021
1100.000 0.020
1110.000 0.020
1120.000 0.021
1130.000 0.019
1140.000 0.019
1150.000 0.021
1160.000 0.023
1170.000 0.020
1180.000 0.021
1190.000 0.022
1200.000 0.022
1210.000 0.023
1220.000 0.023
1230.000 0.024
1240.000 0.023
1250.000 0.023
1260.000 0.024
1270.000 0.028
1280.000 0.027
1290.000 0.033
1300.000 0.033
1310.000 0.037
1320.000 0.046
1330.000 0.054
1340.000 0.052
1350.000 0.066
1360.000 0.073
1370.000 0.078
1380.000 0.096
1390.000 0.092
1400.000 0.078
1410.000 0.092
1420.000 0.110
1430.000 0.073
1440.000 0.079
1450.000 0.068
1460.000 0.057
1470.000 0.050
1480.000 0.047
1490.000 0.045
1500.000 0.047
1510.000 0.040
1520.000 0.036
1530.000 0.039
1540.000 0.035
1550.000 0.031
1560.000 0.030
1570.000 0.030
1580.000 0.027
1590.000 0.027
1600.000 0.027
1610.000 0.026
1620.000 0.026
1630.000 0.023
1640.000 0.022
1650.000 0.023
1660.000 0.023
1670.000 0.022
1680.000 0.021
1690.000 0.022
1700.000 0.022
1710.000 0.021
1720.000 0.021
1730.000 0.021
1740.000 0.021
1750.000 0.021
1760.000 0.022
1770.000 0.021
1780.000 0.022
1790.000 0.021
1800.000 0.022
1810.000 0.021
1820.000 0.021
1830.000 0.022
1840.000 0.022
1850.000 0.021
1860.000 0.022
1870.000 0.022
1880.000 0.022
1890.000 0.023
1900.000 0.024
1910.000 0.022
1920.000 0.024
1930.000 0.024
1940.000 0.024
1950.000 0.024
1960.000 0.025
1970.000 0.025
1980.000 0.025
1990.000 0.026
2000.000 0.026
2010.000 0.027
2020.000 0.026
2030.000 0.026
2040.000 0.027
2050.000 0.027
2060.000 0.027
2070.000 0.029
2080.000 0.029
2090.000 0.029
2100.000 0.029
2110.000 0.029
2120.000 0.029
2130.000 0.029
2140.000 0.029
2150.000 0.028
2160.000 0.029
2170.000 0.028
2180.000 0.028
2190.000 0.028
2200.000 0.027
2210.000 0.026
2220.000 0.026
2230.000 0.026
2240.000 0.026
2250.000 0.025
2260.000 0.024
2270.000 0.024
2280.000 0.023
2290.000 0.024
2300.000 0.023
2310.000 0.022
2320.000 0.022
2330.000 0.022
2340.000 0.022
2350.000 0.021
2360.000 0.021
2370.000 0.020
2380.000 0.019
2390.000 0.019
2400.000 0.019
2410.000 0.019
2420.000 0.019
2430.000 0.018
2440.000 0.018
2450.000 0.018
2460.000 0.018
2470.000 0.018
2480.000 0.017
2490.000 0.017
2500.000 0.017
2510.000 0.017
2520.000 0.017
2530.000 0.017
2540.000 0.016
2550.000 0.016
2560.000 0.016
2570.000 0.016
2580.000 0.016
2590.000 0.016
2600.000 0.016
2610.000 0.016
2620.000 0.016
2630.000 0.015
2640.000 0.016
2650.000 0.015
2660.000 0.016
2670.000 0.016
2680.000 0.016
2690.000 0.016
2700.000 0.016
2710.000 0.017
2720.000 0.016
2730.000 0.016
2740.000 0.016
2750.000 0.016
2760.000 0.016
2770.000 0.016
2780.000 0.016
2790.000 0.016
2800.000 0.016
2810.000 0.016
2820.000 0.017
2830.000 0.017
2840.000 0.016
2850.000 0.016
2860.000 0.016
2870.000 0.017
2880.000 0.015
2890.000 0.016
2900.000 0.016
2910.000 0.016
2920.000 0.015
2930.000 0.016
2940.000 0.015
2950.000 0.015
2960.000 0.015
2970.000 0.016
2980.000 0.016
2990.000 0.015
3000.000 0.016
3010.000 0.016
3020.000 0.016
3030.000 0.017
3040.000 0.017
3050.000 0.018
3060.000 0.017
3070.000 0.019
3080.000 0.019
3090.000 0.019
3100.000 0.019
3110.000 0.020
3120.000 0.020
3130.000 0.020
3140.000 0.020
3150.000 0.021
3160.000 0.021
3170.000 0.023
3180.000 0.022
3190.000 0.023
3200.000 0.025
3210.000 0.024
3220.000 0.025
3230.000 0.026
3240.000 0.027
3250.000 0.029
3260.000 0.030
3270.000 0.031
3280.000 0.032
3290.000 0.033
3300.000 0.036
3310.000 0.035
3320.000 0.037
3330.000 0.040
3340.000 0.041
3350.000 0.045
3360.000 0.047
3370.000 0.050
3380.000 0.054
3390.000 0.057
3400.000 0.062
3410.000 0.066
3420.000 0.072
3430.000 0.077
3440.000 0.087
3450.000 0.097
3460.000 0.105
3470.000 0.123
3480.000 0.132
3490.000 0.154
3500.000 0.179
3510.000 0.202
3520.000 0.226
3530.000 0.223
3540.000 0.212
3550.000 0.191
3560.000 0.177
3570.000 0.160
3580.000 0.150
3590.000 0.134
3600.000 0.119
3610.000 0.112
3620.000 0.105
3630.000 0.102
3640.000 0.094
3650.000 0.088
3660.000 0.084
3670.000 0.081
3680.000 0.078
3690.000 0.075
3700.000 0.072
3710.000 0.071
3720.000 0.068
3730.000 0.068
3740.000 0.065
3750.000 0.065
3760.000 0.065
3770.000 0.064
3780.000 0.063
3790.000 0.063
3800.000 0.064
3810.000 0.064
3820.000 0.063
3830.000 0.064
3840.000 0.065
3850.000 0.066
3860.000 0.067
3870.000 0.069
3880.000 0.070
3890.000 0.073
3900.000 0.076
3910.000 0.076
3920.000 0.082
3930.000 0.084
3940.000 0.090
3950.000 0.093
3960.000 0.099
3970.000 0.101
3980.000 0.107
3990.000 0.116
4000.000 0.123
4010.000 0.124
4020.000 0.123
4030.000 0.121
4040.000 0.117
4050.000 0.107
4060.000 0.102
4070.000 0.092
4080.000 0.083
4090.000 0.074
4100.000 0.064
4110.000 0.062
4120.000 0.054
4130.000 0.049
4140.000 0.045
4150.000 0.040
4160.000 0.039
4170.000 0.034
4180.000 0.033
4190.000 0.030
4200.000 0.029
4210.000 0.027
4220.000 0.025
4230.000 0.025
4240.000 0.024
4250.000 0.026
4260.000 0.020
4270.000 0.021
4280.000 0.018
4290.000 0.018
4300.000 0.017
4310.000 0.016
4320.000 0.015
4330.000 0.014
4340.000 0.013
4350.000 0.012
4360.000 0.011
4370.000 0.011
4380.000 0.011
4390.000 0.010
4400.000 0.009
4410.000 0.008
4420.000 0.009
4430.000 0.007
4440.000 0.008
4450.000 0.008
4460.000 0.007
4470.000 0.007
4480.000 0.006
4490.000 0.006
4500.000 0.007
4510.000 0.006
4520.000 0.006
4530.000 0.006
4540.000 0.006
4550.000 0.006
4560.000 0.006
4570.000 0.007
4580.000 0.006
4590.000 0.006
4600.000 0.007
4610.000 0.006
4620.000 0.006
4630.000 0.007
4640.000 0.007
4650.000 0.007
4660.000 0.007
4670.000 0.007
4680.000 0.008
4690.000 0.008
4700.000 0.008
4710.000 0.007
4720.000 0.008
4730.000 0.008
4740.000 0.009
4750.000 0.008
4760.000 0.008
4770.000 0.008
4780.000 0.008
4790.000 0.008
4800.000 0.008
4810.000 0.007
4820.000 0.008
4830.000 0.007
4840.000 0.007
4850.000 0.007
4860.000 0.007
4870.000 0.006
4880.000 0.007
4890.000 0.007
4900.000 0.006
4910.000 0.007
4920.000 0.006
4930.000 0.007
4940.000 0.006
4950.000 0.006
4960.000 0.006
4970.000 0.006
4980.000 0.005
4990.000 0.005
5000.000 0.005
5010.000 0.005
5020.000 0.005
5030.000 0.005
5040.000 0.005
5050.000 0.004
5060.000 0.005
5070.000 0.005
5080.000 0.005
5090.000 0.005
5100.000 0.005
5110.000 0.004
5120.000 0.004
5130.000 0.004
5140.000 0.004
5150.000 0.004
5160.000 0.004
5170.000 0.004
5180.000 0.004
5190.000 0.005
5200.000 0.004
5210.000 0.004
5220.000 0.004
5230.000 0.004
5240.000 0.004
5250.000 0.004
5260.000 0.004
5270.000 0.004
5280.000 0.004
5290.000 0.003
5300.000 0.004
5310.000 0.004
5320.000 0.004
5330.000 0.004
5340.000 0.004
5350.000 0.004
5360.000 0.004
5370.000 0.004
5380.000 0.004
5390.000 0.004
5400.000 0.004
5410.000 0.004
5420.000 0.004
5430.000 0.004
5440.000 0.004
5450.000 0.004
5460.000 0.003
5470.000 0.004
5480.000 0.004
5490.000 0.003
5500.000 0.003
5510.000 0.004
5520.000 0.003
5530.000 0.004
5540.000 0.004
5550.000 0.004
5560.000 0.004
5570.000 0.004
5580.000 0.003
5590.000 0.003
5600.000 0.003
5610.000 0.003
5620.000 0.003
5630.000 0.004
5640.000 0.003
5650.000 0.004
5660.000 0.003
5670.000 0.004
5680.000 0.004
5690.000 0.003
5700.000 0.004
5710.000 0.003
5720.000 0.004
5730.000 0.003
5740.000 0.003
5750.000 0.003
5760.000 0.004
5770.000 0.004
5780.000 0.003
5790.000 0.004
5800.000 0.004
5810.000 0.004
5820.000 0.003
5830.000 0.004
5840.000 0.004
5850.000 0.004
5860.000 0.004
5870.000 0.004
5880.000 0.004
5890.000 0.004
5900.000 0.004
5910.000 0.004
5920.000 0.004
5930.000 0.004
5940.000 0.004
5950.000 0.005
5960.000 0.004
5970.000 0.004
5980.000 0.004
5990.000 0.004
6000.000 0.005
6010.000 0.004
6020.000 0.005
6030.000 0.005
6040.000 0.005
6050.000 0.005
6060.000 0.005
6070.000 0.005
6080.000 0.005
6090.000 0.005
6100.000 0.005
6110.000 0.005
6120.000 0.005
6130.000 0.005
6140.000 0.005
6150.000 0.005
6160.000 0.006
6170.000 0.006
6180.000 0.006
6190.000 0.007
6200.000 0.006
6210.000 0.007
6220.000 0.007
6230.000 0.007
6240.000 0.007
6250.000 0.007
6260.000 0.007
6270.000 0.007
6280.000 0.007
6290.000 0.008
6300.000 0.007
6310.000 0.008
6320.000 0.007
6330.000 0.008
6340.000 0.008
6350.000 0.008
6360.000 0.008
6370.000 0.008
6380.000 0.008
6390.000 0.008
6400.000 0.009
6410.000 0.008
6420.000 0.008
6430.000 0.009
6440.000 0.009
6450.000 0.009
6460.000 0.010
6470.000 0.009
6480.000 0.010
6490.000 0.010
6500.000 0.010
6510.000 0.011
6520.000 0.011
6530.000 0.012
6540.000 0.013
6550.000 0.011
6560.000 0.012
6570.000 0.013
6580.000 0.013
6590.000 0.013
6600.000 0.014
6610.000 0.015
6620.000 0.015
6630.000 0.015
6640.000 0.016
6650.000 0.017
6660.000 0.017
6670.000 0.017
6680.000 0.019
6690.000 0.018
6700.000 0.020
6710.000 0.021
6720.000 0.021
6730.000 0.023
6740.000 0.023
6750.000 0.025
6760.000 0.026
6770.000 0.028
6780.000 0.030
6790.000 0.031
6800.000 0.033
6810.000 0.035
6820.000 0.037
6830.000 0.039
6840.000 0.040
6850.000 0.043
6860.000 0.045
6870.000 0.045
6880.000 0.049
6890.000 0.050
6900.000 0.050
6910.000 0.051
6920.000 0.052
6930.000 0.052
6940.000 0.052
6950.000 0.050
6960.000 0.050
6970.000 0.049
6980.000 0.048
6990.000 0.046
7000.000 0.046
7010.000 0.044
7020.000 0.042
7030.000 0.041
7040.000 0.040
7050.000 0.038
7060.000 0.038
7070.000 0.037
7080.000 0.035
7090.000 0.034
7100.000 0.034
7110.000 0.032
7120.000 0.032
7130.000 0.031
7140.000 0.030
7150.000 0.029
7160.000 0.028
7170.000 0.027
7180.000 0.026
7190.000 0.025
7200.000 0.025
7210.000 0.024
7220.000 0.023
7230.000 0.023
7240.000 0.022
7250.000 0.022
7260.000 0.022
7270.000 0.020
7280.000 0.020
7290.000 0.019
7300.000 0.019
7310.000 0.018
7320.000 0.017
7330.000 0.017
7340.000 0.017
7350.000 0.016
7360.000 0.016
7370.000 0.014
7380.000 0.015
7390.000 0.015
7400.000 0.013
7410.000 0.012
7420.000 0.012
7430.000 0.011
7440.000 0.011
7450.000 0.011
7460.000 0.011
7470.000 0.010
7480.000 0.009
7490.000 0.009
7500.000 0.009
7510.000 0.008
7520.000 0.008
7530.000 0.007
7540.000 0.007
7550.000 0.007
7560.000 0.007
7570.000 0.006
7580.000 0.006
7590.000 0.007
7600.000 0.005
7610.000 0.005
7620.000 0.005
7630.000 0.005
7640.000 0.005
7650.000 0.005
7660.000 0.004
7670.000 0.004
7680.000 0.004
7690.000 0.004
7700.000 0.004
7710.000 0.003
7720.000 0.004
7730.000 0.004
7740.000 0.004
7750.000 0.004
7760.000 0.003
7770.000 0.003
7780.000 0.003
7790.000 0.003
7800.000 0.003
7810.000 0.003
7820.000 0.003
7830.000 0.003
7840.000 0.002
7850.000 0.002
7860.000 0.002
7870.000 0.003
7880.000 0.003
7890.000 0.003
7900.000 0.003
7910.000 0.003
7920.000 0.002
7930.000 0.002
7940.000 0.002
7950.000 0.002
7960.000 0.002
7970.000 0.002
7980.000 0.002
7990.000 0.002
8000.000 0.002
8010.000 0.002
8020.000 0.002
8030.000 0.003
8040.000 0.002
8050.000 0.002
8060.000 0.002
8070.000 0.002
8080.000 0.002
8090.000 0.002
8100.000 0.002
8110.000 0.001
8120.000 0.002
8130.000 0.002
8140.000 0.002
8150.000 0.002
8160.000 0.002
8170.000 0.002
8180.000 0.002
8190.000 0.002
8200.000 0.002
8210.000 0.002
8220.000 0.002
8230.000 0.002
8240.000 0.002
8250.000 0.002
8260.000 0.001
8270.000 0.001
8280.000 0.002
8290.000 0.002
8300.000 0.002
8310.000 0.002
8320.000 0.001
8330.000 0.002
8340.000 0.001
8350.000 0.002
8360.000 0.001
8370.000 0.002
8380.000 0.002
8390.000 0.001
8400.000 0.002
8410.000 0.002
8420.000 0.002
8430.000 0.001
8440.000 0.002
8450.000 0.001
8460.000 0.001
8470.000 0.001
8480.000 0.002
8490.000 0.001
8500.000 0.001
8510.000 0.001
8520.000 0.001
8530.000 0.001
8540.000 0.001
8550.000 0.002
8560.000 0.001
8570.000 0.001
8580.000 0.002
8590.000 0.001
8600.000 0.001
8610.000 0.002
8620.000 0.001
8630.000 0.002
8640.000 0.002
8650.000 0.001
8660.000 0.002
8670.000 0.001
8680.000 0.002
8690.000 0.002
8700.000 0.001
8710.000 0.001
8720.000 0.001
8730.000 0.001
8740.000 0.001
8750.000 0.001
8760.000 0.001
8770.000 0.002
8780.000 0.002
8790.000 0.002
8800.000 0.002
8810.000 0.001
8820.000 0.002
8830.000 0.001
8840.000 0.001
8850.000 0.002
8860.000 0.001
8870.000 0.002
8880.000 0.002
8890.000 0.002
8900.000 0.001
8910.000 0.001
8920.000 0.002
8930.000 0.002
8940.000 0.001
8950.000 0.001
8960.000 0.001
8970.000 0.001
8980.000 0.001
8990.000 0.002
9000.000 0.002
9010.000 0.001
9020.000 0.002
9030.000 0.002
9040.000 0.001
9050.000 0.001
9060.000 0.002
9070.000 0.002
9080.000 0.001
9090.000 0.001
9100.000 0.002
9110.000 0.002
9120.000 0.001
9130.000 0.002
9140.000 0.002
9150.000 0.002
9160.000 0.002
9170.000 0.002
9180.000 0.002
9190.000 0.001
9200.000 0.002
9210.000 0.002
9220.000 0.002
9230.000 0.001
9240.000 0.001
9250.000 0.002
9260.000 0.002
9270.000 0.002
9280.000 0.002
9290.000 0.001
9300.000 0.002
9310.000 0.002
9320.000 0.002
9330.000 0.002
9340.000 0.002
9350.000 0.002
9360.000 0.002
9370.000 0.002
9380.000 0.002
9390.000 0.002
9400.000 0.001
9410.000 0.002
9420.000 0.002
9430.000 0.002
9440.000 0.002
9450.000 0.002
9460.000 0.002
9470.000 0.002
9480.000 0.002
9490.000 0.003
9500.000 0.002
9510.000 0.002
9520.000 0.002
9530.000 0.003
9540.000 0.003
9550.000 0.002
9560.000 0.003
9570.000 0.003
9580.000 0.003
9590.000 0.003
9600.000 0.003
9610.000 0.003
9620.000 0.003
9630.000 0.003
9640.000 0.003
9650.000 0.003
9660.000 0.003
9670.000 0.004
9680.000 0.003
9690.000 0.004
9700.000 0.003
9710.000 0.003
9720.000 0.004
9730.000 0.004
9740.000 0.004
9750.000 0.003
9760.000 0.004
9770.000 0.004
9780.000 0.005
9790.000 0.004
9800.000 0.004
9810.000 0.005
9820.000 0.005
9830.000 0.005
9840.000 0.006
9850.000 0.006
9860.000 0.006
9870.000 0.007
9880.000 0.007
9890.000 0.007
9900.000 0.007
9910.000 0.008
9920.000 0.008
9930.000 0.008
9940.000 0.009
9950.000 0.009
9960.000 0.010
9970.000 0.012
9980.000 0.011
9990.000 0.012
10000.000 0.013
10010.000 0.015
10020.000 0.016
10030.000 0.017
10040.000 0.019
10050.000 0.021
10060.000 0.024
10070.000 0.027
10080.000 0.030
10090.000 0.035
10100.000 0.038
10110.000 0.046
10120.000 0.055
10130.000 0.060
10140.000 0.069
10150.000 0.071
10160.000 0.070
10170.000 0.066
10180.000 0.063
10190.000 0.057
10200.000 0.054
10210.000 0.049
10220.000 0.045
10230.000 0.043
10240.000 0.041
10250.000 0.040
10260.000 0.039
10270.000 0.037
10280.000 0.038
10290.000 0.038
10300.000 0.037
10310.000 0.039
10320.000 0.040
10330.000 0.041
10340.000 0.043
10350.000 0.045
10360.000 0.048
10370.000 0.052
10380.000 0.054
10390.000 0.058
10400.000 0.059
10410.000 0.058
10420.000 0.053
10430.000 0.050
10440.000 0.042
10450.000 0.038
10460.000 0.030
10470.000 0.026
10480.000 0.024
10490.000 0.020
10500.000 0.018
10510.000 0.016
10520.000 0.014
10530.000 0.013
10540.000 0.011
10550.000 0.011
10560.000 0.010
10570.000 0.009
10580.000 0.008
10590.000 0.008
10600.000 0.007
10610.000 0.007
10620.000 0.007
10630.000 0.006
10640.000 0.006
10650.000 0.006
10660.000 0.005
10670.000 0.004
10680.000 0.004
10690.000 0.005
10700.000 0.005
10710.000 0.004
10720.000 0.004
10730.000 0.004
10740.000 0.004
10750.000 0.003
10760.000 0.004
10770.000 0.004
10780.000 0.003
10790.000 0.003
10800.000 0.003
10810.000 0.003
10820.000 0.003
10830.000 0.002
10840.000 0.003
10850.000 0.003
10860.000 0.002
10870.000 0.002
10880.000 0.002
10890.000 0.002
10900.000 0.002
10910.000 0.002
10920.000 0.002
10930.000 0.002
10940.000 0.002
10950.000 0.002
10960.000 0.002
10970.000 0.002
10980.000 0.002
10990.000 0.002
11000.000 0.002
11010.000 0.002
11020.000 0.002
11030.000 0.002
11040.000 0.002
11050.000 0.002
11060.000 0.002
11070.000 0.002
11080.000 0.002
11090.000 0.002
11100.000 0.002
11110.000 0.002
11120.000 0.002
11130.000 0.002
11140.000 0.002
11150.000 0.002
11160.000 0.002
11170.000 0.002
11180.000 0.002
11190.000 0.002
11200.000 0.001
11210.000 0.002
11220.000 0.002
11230.000 0.002
11240.000 0.001
11250.000 0.002
11260.000 0.002
11270.000 0.002
11280.000 0.002
11290.000 0.002
11300.000 0.002
11310.000 0.001
11320.000 0.002
11330.000 0.002
11340.000 0.002
11350.000 0.002
11360.000 0.002
11370.000 0.002
11380.000 0.002
11390.000 0.002
11400.000 0.001
11410.000 0.002
11420.000 0.002
11430.000 0.002
11440.000 0.002
11450.000 0.002
11460.000 0.002
11470.000 0.002
11480.000 0.002
11490.000 0.002
11500.000 0.002
11510.000 0.002
11520.000 0.002
11530.000 0.002
11540.000 0.002
11550.000 0.002
11560.000 0.002
11570.000 0.002
11580.000 0.002
11590.000 0.002
11600.000 0.001
11610.000 0.002
11620.000 0.002
11630.000 0.002
11640.000 0.002
11650.000 0.001
11660.000 0.002
11670.000 0.002
11680.000 0.002
11690.000 0.002
11700.000 0.002
11710.000 0.002
11720.000 0.002
11730.000 0.002
11740.000 0.002
11750.000 0.002
11760.000 0.002
11770.000 0.002
11780.000 0.001
11790.000 0.002
11800.000 0.002
11810.000 0.002
11820.000 0.002
11830.000 0.001
11840.000 0.001
11850.000 0.002
11860.000 0.002
11870.000 0.002
11880.000 0.002
11890.000 0.002
11900.000 0.002
11910.000 0.002
11920.000 0.001
11930.000 0.002
11940.000 0.002
11950.000 0.002
11960.000 0.002
11970.000 0.002
11980.000 0.002
11990.000 0.002
