10.000 0.038
20.000 0.426
30.000 0.640
40.000 0.152
50.000 0.193
60.000 0.154
70.000 0.091
80.000 0.122
90.000 0.091
100.000 0.105
110.000 0.067
120.000 0.070
130.000 0.063
140.000 0.068
150.000 0.056
160.000 0.058
170.000 0.044
180.000 0.052
190.000 0.048
200.000 0.045
210.000 0.037
220.000 0.046
230.000 0.046
240.000 0.035
250.000 0.037
260.000 0.032
270.000 0.040
280.000 0.032
290.000 0.034
300.000 0.031
310.000 0.037
320.000 0.034
330.000 0.036
340.000 0.035
350.000 0.038
360.000 0.040
370.000 0.040
380.000 0.047
390.000 0.049
400.000 0.057
410.000 0.077
420.000 0.082
430.000 0.107
440.000 0.141
450.000 0.150
460.000 0.146
470.000 0.135
480.000 0.108
490.000 0.087
500.000 0.082
510.000 0.075
520.000 0.070
530.000 0.065
540.000 0.064
550.000 0.061
560.000 0.059
570.000 0.059
580.000 0.055
590.000 0.048
600.000 0.046
610.000 0.040
620.000 0.038
630.000 0.032
640.000 0.026
650.000 0.026
660.000 0.022
670.000 0.022
680.000 0.019
690.000 0.017
700.000 0.017
710.000 0.016
720.000 0.017
730.000 0.016
740.000 0.014
750.000 0.015
760.000 0.014
770.000 0.015
780.000 0.013
790.000 0.015
800.000 0.014
810.000 0.015
820.000 0.016
830.000 0.016
840.000 0.016
850.000 0.019
860.000 0.022
870.000 0.026
880.000 0.040
890.000 0.048
900.000 0.044
910.000 0.036
920.000 0.033
930.000 0.027
940.000 0.024
950.000 0.022
960.000 0.021
970.000 0.019
980.000 0.017
990.000 0.018
1000.000 0.017
1010.000 0.018
1020.000 0.017
1030.000 0.016
1040.000 0.017
1050.000 0.016
1060.000 0.016
1070.000 0.016
1080.000 0.016
1090.000 0.017
1100.000 0.017
1110.000 0.017
1120.000 0.017
1130.000 0.017
1140.000 0.017
1150.000 0.018
1160.000 0.019
1170.000 0.019
1180.000 0.021
1190.000 0.021
1200.000 0.022
1210.000 0.024
1220.000 0.023
1230.000 0.027
1240.000 0.030
1250.000 0.032
1260.000 0.039
1270.000 0.041
1280.000 0.051
1290.000 0.072
1300.000 0.080
1310.000 0.086
1320.000 0.076
1330.000 0.055
1340.000 0.044
1350.000 0.039
1360.000 0.032
1370.000 0.028
1380.000 0.026
1390.000 0.022
1400.000 0.021
1410.000 0.020
1420.000 0.017
1430.000 0.017
1440.000 0.017
1450.000 0.016
1460.000 0.016
1470.000 0.015
1480.000 0.015
1490.000 0.015
1500.000 0.016
1510.000 0.016
1520.000 0.016
1530.000 0.017
1540.000 0.017
1550.000 0.018
1560.000 0.019
1570.000 0.020
1580.000 0.022
1590.000 0.023
1600.000 0.025
1610.000 0.029
1620.000 0.031
1630.000 0.037
1640.000 0.039
1650.000 0.046
1660.000 0.057
1670.000 0.064
1680.000 0.083
1690.000 0.095
1700.000 0.131
1710.000 0.185
1720.000 0.215
1730.000 0.245
1740.000 0.222
1750.000 0.161
1760.000 0.124
1770.000 0.111
1780.000 0.096
1790.000 0.089
1800.000 0.080
1810.000 0.074
1820.000 0.070
1830.000 0.066
1840.000 0.065
1850.000 0.063
1860.000 0.061
1870.000 0.061
1880.000 0.061
1890.000 0.062
1900.000 0.061
1910.000 0.062
1920.000 0.063
1930.000 0.064
1940.000 0.065
1950.000 0.067
1960.000 0.070
1970.000 0.071
1980.000 0.075
1990.000 0.076
2000.000 0.082
2010.000 0.086
2020.000 0.089
2030.000 0.096
2040.000 0.099
2050.000 0.107
2060.000 0.116
2070.000 0.121
2080.000 0.134
2090.000 0.141
2100.000 0.158
2110.000 0.177
2120.000 0.189
2130.000 0.215
2140.000 0.229
2150.000 0.257
2160.000 0.279
2170.000 0.284
2180.000 0.275
2190.000 0.262
2200.000 0.227
2210.000 0.192
2220.000 0.176
2230.000 0.150
2240.000 0.138
2250.000 0.119
2260.000 0.104
2270.000 0.098
2280.000 0.088
2290.000 0.084
2300.000 0.077
2310.000 0.071
2320.000 0.067
2330.000 0.064
2340.000 0.061
2350.000 0.058
2360.000 0.056
2370.000 0.056
2380.000 0.054
2390.000 0.053
2400.000 0.052
2410.000 0.052
2420.000 0.052
2430.000 0.052
2440.000 0.052
2450.000 0.053
2460.000 0.055
2470.000 0.056
2480.000 0.059
2490.000 0.060
2500.000 0.065
2510.000 0.070
2520.000 0.074
2530.000 0.083
2540.000 0.089
2550.000 0.105
2560.000 0.128
2570.000 0.144
2580.000 0.189
2590.000 0.219
2600.000 0.279
2610.000 0.268
2620.000 0.227
2630.000 0.155
2640.000 0.132
2650.000 0.101
2660.000 0.082
2670.000 0.074
2680.000 0.062
2690.000 0.059
2700.000 0.051
2710.000 0.048
2720.000 0.044
2730.000 0.040
2740.000 0.039
2750.000 0.037
2760.000 0.035
2770.000 0.033
2780.000 0.032
2790.000 0.031
2800.000 0.031
2810.000 0.031
2820.000 0.030
2830.000 0.030
2840.000 0.029
2850.000 0.030
2860.000 0.031
2870.000 0.031
2880.000 0.032
2890.000 0.032
2900.000 0.034
2910.000 0.035
2920.000 0.038
2930.000 0.041
2940.000 0.043
2950.000 0.048
2960.000 0.052
2970.000 0.060
2980.000 0.074
2990.000 0.082
3000.000 0.108
3010.000 0.129
3020.000 0.183
3030.000 0.227
3040.000 0.213
3050.000 0.135
3060.000 0.111
3070.000 0.080
3080.000 0.063
3090.000 0.058
3100.000 0.049
3110.000 0.045
3120.000 0.039
3130.000 0.036
3140.000 0.034
3150.000 0.031
3160.000 0.030
3170.000 0.028
3180.000 0.026
3190.000 0.026
3200.000 0.025
3210.000 0.025
3220.000 0.025
3230.000 0.024
3240.000 0.024
3250.000 0.023
3260.000 0.024
3270.000 0.024
3280.000 0.024
3290.000 0.025
3300.000 0.025
3310.000 0.025
3320.000 0.026
3330.000 0.028
3340.000 0.030
3350.000 0.032
3360.000 0.034
3370.000 0.037
3380.000 0.043
3390.000 0.046
3400.000 0.055
3410.000 0.061
3420.000 0.079
3430.000 0.110
3440.000 0.132
3450.000 0.181
3460.000 0.189
3470.000 0.129
3480.000 0.083
3490.000 0.069
3500.000 0.054
3510.000 0.047
3520.000 0.040
3530.000 0.033
3540.000 0.031
3550.000 0.028
3560.000 0.026
3570.000 0.024
3580.000 0.022
3590.000 0.022
3600.000 0.020
3610.000 0.020
3620.000 0.018
3630.000 0.018
3640.000 0.018
3650.000 0.017
3660.000 0.017
3670.000 0.017
3680.000 0.017
3690.000 0.017
3700.000 0.017
3710.000 0.018
3720.000 0.018
3730.000 0.019
3740.000 0.019
3750.000 0.020
3760.000 0.020
3770.000 0.022
3780.000 0.024
3790.000 0.025
3800.000 0.028
3810.000 0.030
3820.000 0.035
3830.000 0.041
3840.000 0.047
3850.000 0.061
3860.000 0.072
3870.000 0.106
3880.000 0.129
3890.000 0.159
3900.000 0.106
3910.000 0.083
3920.000 0.057
3930.000 0.050
3940.000 0.039
3950.000 0.033
3960.000 0.031
3970.000 0.027
3980.000 0.026
3990.000 0.024
4000.000 0.021
4010.000 0.020
4020.000 0.020
4030.000 0.018
4040.000 0.017
4050.000 0.017
4060.000 0.017
4070.000 0.016
4080.000 0.016
4090.000 0.016
4100.000 0.016
4110.000 0.016
4120.000 0.016
4130.000 0.016
4140.000 0.017
4150.000 0.017
4160.000 0.017
4170.000 0.019
4180.000 0.018
4190.000 0.019
4200.000 0.021
4210.000 0.022
4220.000 0.025
4230.000 0.025
4240.000 0.029
4250.000 0.034
4260.000 0.037
4270.000 0.047
4280.000 0.053
4290.000 0.074
4300.000 0.108
4310.000 0.128
4320.000 0.139
4330.000 0.111
4340.000 0.065
4350.000 0.044
4360.000 0.038
4370.000 0.029
4380.000 0.026
4390.000 0.021
4400.000 0.018
4410.000 0.016
4420.000 0.014
4430.000 0.014
4440.000 0.012
4450.000 0.012
4460.000 0.011
4470.000 0.011
4480.000 0.011
4490.000 0.011
4500.000 0.011
4510.000 0.011
4520.000 0.012
4530.000 0.011
4540.000 0.012
4550.000 0.012
4560.000 0.013
4570.000 0.014
4580.000 0.015
4590.000 0.015
4600.000 0.017
4610.000 0.018
4620.000 0.020
4630.000 0.022
4640.000 0.026
4650.000 0.029
4660.000 0.032
4670.000 0.039
4680.000 0.043
4690.000 0.055
4700.000 0.071
4710.000 0.084
4720.000 0.121
4730.000 0.149
4740.000 0.218
4750.000 0.237
4760.000 0.165
4770.000 0.107
4780.000 0.090
4790.000 0.069
4800.000 0.056
4810.000 0.050
4820.000 0.044
4830.000 0.040
4840.000 0.036
4850.000 0.033
4860.000 0.031
4870.000 0.029
4880.000 0.027
4890.000 0.026
4900.000 0.024
4910.000 0.023
4920.000 0.023
4930.000 0.023
4940.000 0.021
4950.000 0.021
4960.000 0.021
4970.000 0.021
4980.000 0.021
4990.000 0.021
5000.000 0.021
5010.000 0.021
5020.000 0.022
5030.000 0.023
5040.000 0.024
5050.000 0.025
5060.000 0.026
5070.000 0.028
5080.000 0.029
5090.000 0.033
5100.000 0.035
5110.000 0.040
5120.000 0.049
5130.000 0.054
5140.000 0.071
5150.000 0.084
5160.000 0.121
5170.000 0.165
5180.000 0.164
5190.000 0.100
5200.000 0.080
5210.000 0.056
5220.000 0.043
5230.000 0.038
5240.000 0.031
5250.000 0.029
5260.000 0.026
5270.000 0.023
5280.000 0.022
5290.000 0.020
5300.000 0.019
5310.000 0.018
5320.000 0.017
5330.000 0.016
5340.000 0.016
5350.000 0.015
5360.000 0.014
5370.000 0.015
5380.000 0.014
5390.000 0.014
5400.000 0.015
5410.000 0.014
5420.000 0.015
5430.000 0.015
5440.000 0.015
5450.000 0.016
5460.000 0.016
5470.000 0.017
5480.000 0.018
5490.000 0.020
5500.000 0.020
5510.000 0.022
5520.000 0.026
5530.000 0.027
5540.000 0.032
5550.000 0.035
5560.000 0.044
5570.000 0.059
5580.000 0.071
5590.000 0.085
5600.000 0.123
5610.000 0.128
5620.000 0.078
5630.000 0.064
5640.000 0.046
5650.000 0.040
5660.000 0.032
5670.000 0.029
5680.000 0.025
5690.000 0.022
5700.000 0.021
5710.000 0.019
5720.000 0.018
5730.000 0.017
5740.000 0.016
5750.000 0.016
5760.000 0.016
5770.000 0.015
5780.000 0.014
5790.000 0.014
5800.000 0.014
5810.000 0.014
5820.000 0.014
5830.000 0.013
5840.000 0.014
5850.000 0.014
5860.000 0.014
5870.000 0.014
5880.000 0.015
5890.000 0.016
5900.000 0.016
5910.000 0.018
5920.000 0.017
5930.000 0.019
5940.000 0.022
5950.000 0.023
5960.000 0.027
5970.000 0.029
5980.000 0.035
5990.000 0.044
6000.000 0.051
6010.000 0.070
6020.000 0.085
6030.000 0.117
6040.000 0.103
6050.000 0.079
6060.000 0.052
6070.000 0.044
6080.000 0.034
6090.000 0.027
6100.000 0.025
6110.000 0.022
6120.000 0.020
6130.000 0.017
6140.000 0.017
6150.000 0.016
6160.000 0.014
6170.000 0.014
6180.000 0.013
6190.000 0.013
6200.000 0.013
6210.000 0.012
6220.000 0.012
6230.000 0.012
6240.000 0.012
6250.000 0.012
6260.000 0.012
6270.000 0.012
6280.000 0.012
6290.000 0.013
6300.000 0.013
6310.000 0.013
6320.000 0.013
6330.000 0.014
6340.000 0.015
6350.000 0.016
6360.000 0.018
6370.000 0.018
6380.000 0.020
6390.000 0.024
6400.000 0.026
6410.000 0.032
6420.000 0.036
6430.000 0.047
6440.000 0.067
6450.000 0.081
6460.000 0.106
6470.000 0.102
6480.000 0.067
6490.000 0.046
6500.000 0.039
6510.000 0.031
6520.000 0.028
6530.000 0.024
6540.000 0.020
6550.000 0.019
6560.000 0.017
6570.000 0.016
6580.000 0.015
6590.000 0.014
6600.000 0.014
6610.000 0.013
6620.000 0.013
6630.000 0.012
6640.000 0.012
6650.000 0.011
6660.000 0.012
6670.000 0.011
6680.000 0.012
6690.000 0.011
6700.000 0.012
6710.000 0.012
6720.000 0.012
6730.000 0.013
6740.000 0.013
6750.000 0.013
6760.000 0.014
6770.000 0.016
6780.000 0.017
6790.000 0.018
6800.000 0.019
6810.000 0.023
6820.000 0.025
6830.000 0.029
6840.000 0.037
6850.000 0.042
6860.000 0.058
6870.000 0.068
6880.000 0.090
6890.000 0.092
6900.000 0.066
6910.000 0.044
6920.000 0.038
6930.000 0.029
6940.000 0.026
6950.000 0.021
6960.000 0.018
6970.000 0.017
6980.000 0.015
6990.000 0.014
7000.000 0.013
7010.000 0.012
7020.000 0.011
7030.000 0.010
7040.000 0.010
7050.000 0.010
7060.000 0.009
7070.000 0.010
7080.000 0.009
7090.000 0.009
7100.000 0.009
7110.000 0.009
7120.000 0.010
7130.000 0.009
7140.000 0.009
7150.000 0.009
7160.000 0.009
7170.000 0.010
7180.000 0.010
7190.000 0.011
7200.000 0.011
7210.000 0.012
7220.000 0.013
7230.000 0.015
7240.000 0.015
7250.000 0.017
7260.000 0.021
7270.000 0.023
7280.000 0.028
7290.000 0.033
7300.000 0.045
7310.000 0.063
7320.000 0.071
7330.000 0.065
7340.000 0.053
7350.000 0.036
7360.000 0.027
7370.000 0.024
7380.000 0.020
7390.000 0.018
7400.000 0.017
7410.000 0.014
7420.000 0.014
7430.000 0.012
7440.000 0.011
7450.000 0.010
7460.000 0.010
7470.000 0.010
7480.000 0.010
7490.000 0.009
7500.000 0.009
7510.000 0.009
7520.000 0.009
7530.000 0.009
7540.000 0.009
7550.000 0.009
7560.000 0.008
7570.000 0.009
7580.000 0.010
7590.000 0.009
7600.000 0.010
7610.000 0.011
7620.000 0.011
7630.000 0.011
7640.000 0.012
7650.000 0.013
7660.000 0.015
7670.000 0.015
7680.000 0.018
7690.000 0.020
7700.000 0.024
7710.000 0.030
7720.000 0.034
7730.000 0.048
7740.000 0.058
7750.000 0.071
7760.000 0.057
7770.000 0.046
7780.000 0.032
7790.000 0.028
7800.000 0.022
7810.000 0.018
7820.000 0.017
7830.000 0.015
7840.000 0.013
7850.000 0.012
7860.000 0.012
7870.000 0.011
7880.000 0.010
7890.000 0.010
7900.000 0.009
7910.000 0.009
7920.000 0.009
7930.000 0.008
7940.000 0.008
7950.000 0.008
7960.000 0.008
7970.000 0.008
7980.000 0.008
7990.000 0.008
8000.000 0.008
8010.000 0.009
8020.000 0.009
8030.000 0.009
8040.000 0.010
8050.000 0.010
8060.000 0.010
8070.000 0.011
8080.000 0.012
8090.000 0.013
8100.000 0.014
8110.000 0.015
8120.000 0.018
8130.000 0.023
8140.000 0.025
8150.000 0.033
8160.000 0.039
8170.000 0.052
8180.000 0.051
8190.000 0.047
8200.000 0.038
8210.000 0.028
8220.000 0.024
8230.000 0.019
8240.000 0.017
8250.000 0.015
8260.000 0.014
8270.000 0.012
8280.000 0.011
8290.000 0.011
8300.000 0.009
8310.000 0.009
8320.000 0.009
8330.000 0.008
8340.000 0.008
8350.000 0.008
8360.000 0.008
8370.000 0.008
8380.000 0.008
8390.000 0.008
8400.000 0.008
8410.000 0.007
8420.000 0.008
8430.000 0.008
8440.000 0.008
8450.000 0.008
8460.000 0.008
8470.000 0.009
8480.000 0.009
8490.000 0.010
8500.000 0.011
8510.000 0.012
8520.000 0.013
8530.000 0.015
8540.000 0.015
8550.000 0.017
8560.000 0.018
8570.000 0.021
8580.000 0.028
8590.000 0.033
8600.000 0.046
8610.000 0.052
8620.000 0.052
8630.000 0.036
8640.000 0.030
8650.000 0.022
8660.000 0.020
8670.000 0.016
8680.000 0.014
8690.000 0.013
8700.000 0.011
8710.000 0.011
8720.000 0.010
8730.000 0.009
8740.000 0.009
8750.000 0.008
8760.000 0.008
8770.000 0.008
8780.000 0.008
8790.000 0.007
8800.000 0.007
8810.000 0.007
8820.000 0.008
8830.000 0.007
8840.000 0.007
8850.000 0.007
8860.000 0.007
8870.000 0.008
8880.000 0.008
8890.000 0.008
8900.000 0.008
8910.000 0.009
8920.000 0.009
8930.000 0.010
8940.000 0.011
8950.000 0.011
8960.000 0.012
8970.000 0.014
8980.000 0.016
8990.000 0.019
9000.000 0.022
9010.000 0.026
9020.000 0.036
9030.000 0.047
9040.000 0.050
9050.000 0.040
9060.000 0.032
9070.000 0.022
9080.000 0.017
9090.000 0.016
9100.000 0.014
9110.000 0.013
9120.000 0.011
9130.000 0.011
9140.000 0.009
9150.000 0.009
9160.000 0.009
9170.000 0.008
9180.000 0.008
9190.000 0.007
9200.000 0.007
9210.000 0.007
9220.000 0.007
9230.000 0.006
9240.000 0.007
9250.000 0.006
9260.000 0.006
9270.000 0.006
9280.000 0.007
9290.000 0.006
9300.000 0.007
9310.000 0.006
9320.000 0.007
9330.000 0.007
9340.000 0.008
9350.000 0.008
9360.000 0.009
9370.000 0.009
9380.000 0.010
9390.000 0.012
9400.000 0.013
9410.000 0.014
9420.000 0.017
9430.000 0.019
9440.000 0.026
9450.000 0.034
9460.000 0.039
9470.000 0.045
9480.000 0.042
9490.000 0.029
9500.000 0.020
9510.000 0.018
9520.000 0.014
9530.000 0.014
9540.000 0.012
9550.000 0.011
9560.000 0.010
9570.000 0.009
9580.000 0.008
9590.000 0.008
9600.000 0.008
9610.000 0.007
9620.000 0.007
9630.000 0.006
9640.000 0.006
9650.000 0.006
9660.000 0.006
9670.000 0.005
9680.000 0.006
9690.000 0.005
9700.000 0.006
9710.000 0.006
9720.000 0.005
9730.000 0.006
9740.000 0.006
9750.000 0.006
9760.000 0.006
9770.000 0.007
9780.000 0.007
9790.000 0.008
9800.000 0.008
9810.000 0.008
9820.000 0.010
9830.000 0.010
9840.000 0.012
9850.000 0.014
9860.000 0.017
9870.000 0.021
9880.000 0.025
9890.000 0.034
9900.000 0.038
9910.000 0.035
9920.000 0.025
9930.000 0.021
9940.000 0.016
9950.000 0.013
9960.000 0.012
9970.000 0.010
9980.000 0.009
9990.000 0.008
10000.000 0.008
10010.000 0.007
10020.000 0.007
10030.000 0.007
10040.000 0.007
10050.000 0.006
10060.000 0.006
10070.000 0.006
10080.000 0.006
10090.000 0.006
10100.000 0.005
10110.000 0.006
10120.000 0.006
10130.000 0.005
10140.000 0.005
10150.000 0.005
10160.000 0.006
10170.000 0.006
10180.000 0.007
10190.000 0.007
10200.000 0.007
10210.000 0.007
10220.000 0.008
10230.000 0.008
10240.000 0.009
10250.000 0.011
10260.000 0.012
10270.000 0.014
10280.000 0.015
10290.000 0.020
10300.000 0.027
10310.000 0.031
10320.000 0.035
10330.000 0.032
10340.000 0.022
10350.000 0.016
10360.000 0.014
10370.000 0.012
10380.000 0.010
10390.000 0.008
10400.000 0.007
10410.000 0.007
10420.000 0.006
10430.000 0.006
10440.000 0.006
10450.000 0.005
10460.000 0.005
10470.000 0.005
10480.000 0.004
10490.000 0.004
10500.000 0.004
10510.000 0.004
10520.000 0.004
10530.000 0.004
10540.000 0.004
10550.000 0.004
10560.000 0.004
10570.000 0.004
10580.000 0.004
10590.000 0.004
10600.000 0.004
10610.000 0.004
10620.000 0.004
10630.000 0.004
10640.000 0.005
10650.000 0.005
10660.000 0.006
10670.000 0.006
10680.000 0.007
10690.000 0.008
10700.000 0.008
10710.000 0.010
10720.000 0.012
10730.000 0.014
10740.000 0.019
10750.000 0.022
10760.000 0.027
10770.000 0.023
10780.000 0.020
10790.000 0.014
10800.000 0.011
10810.000 0.009
10820.000 0.007
10830.000 0.008
10840.000 0.007
10850.000 0.007
10860.000 0.006
10870.000 0.006
10880.000 0.006
10890.000 0.005
10900.000 0.005
10910.000 0.004
10920.000 0.005
10930.000 0.004
10940.000 0.005
10950.000 0.005
10960.000 0.004
10970.000 0.004
10980.000 0.004
10990.000 0.004
11000.000 0.005
11010.000 0.005
11020.000 0.005
11030.000 0.005
11040.000 0.005
11050.000 0.005
11060.000 0.005
11070.000 0.005
11080.000 0.006
11090.000 0.006
11100.000 0.007
11110.000 0.007
11120.000 0.008
11130.000 0.010
11140.000 0.011
11150.000 0.014
11160.000 0.015
11170.000 0.020
11180.000 0.023
11190.000 0.025
11200.000 0.024
11210.000 0.016
11220.000 0.013
11230.000 0.011
11240.000 0.009
11250.000 0.008
11260.000 0.007
11270.000 0.006
11280.000 0.006
11290.000 0.004
11300.000 0.005
11310.000 0.005
11320.000 0.004
11330.000 0.004
11340.000 0.004
11350.000 0.004
11360.000 0.004
11370.000 0.003
11380.000 0.003
11390.000 0.004
11400.000 0.003
11410.000 0.004
11420.000 0.003
11430.000 0.004
11440.000 0.003
11450.000 0.003
11460.000 0.003
11470.000 0.004
11480.000 0.003
11490.000 0.004
11500.000 0.004
11510.000 0.004
11520.000 0.005
11530.000 0.005
11540.000 0.006
11550.000 0.006
11560.000 0.007
11570.000 0.009
11580.000 0.011
11590.000 0.013
11600.000 0.016
11610.000 0.021
11620.000 0.022
11630.000 0.019
11640.000 0.014
11650.000 0.012
11660.000 0.009
11670.000 0.009
11680.000 0.007
11690.000 0.007
11700.000 0.006
11710.000 0.005
11720.000 0.005
11730.000 0.005
11740.000 0.004
11750.000 0.004
11760.000 0.004
11770.000 0.004
11780.000 0.005
11790.000 0.005
11800.000 0.003
11810.000 0.004
11820.000 0.004
11830.000 0.004
11840.000 0.004
11850.000 0.004
11860.000 0.004
11870.000 0.004
11880.000 0.005
11890.000 0.005
11900.000 0.005
11910.000 0.005
11920.000 0.005
11930.000 0.006
11940.000 0.006
11950.000 0.006
11960.000 0.006
11970.000 0.007
11980.000 0.008
11990.000 0.009
12000.000 0.010
