10.000 0.014
20.000 0.542
30.000 0.653
40.000 0.074
50.000 0.115
60.000 0.151
70.000 0.081
80.000 0.093
90.000 0.127
100.000 0.073
110.000 0.090
120.000 0.061
130.000 0.070
140.000 0.078
150.000 0.075
160.000 0.059
170.000 0.043
180.000 0.048
190.000 0.048
200.000 0.047
210.000 0.046
220.000 0.044
230.000 0.035
240.000 0.037
250.000 0.040
260.000 0.041
270.000 0.037
280.000 0.040
290.000 0.047
300.000 0.047
310.000 0.051
320.000 0.071
330.000 0.078
340.000 0.086
350.000 0.081
360.000 0.074
370.000 0.061
380.000 0.049
390.000 0.042
400.000 0.047
410.000 0.038
420.000 0.039
430.000 0.036
440.000 0.035
450.000 0.032
460.000 0.031
470.000 0.032
480.000 0.030
490.000 0.033
500.000 0.034
510.000 0.033
520.000 0.037
530.000 0.039
540.000 0.045
550.000 0.048
560.000 0.058
570.000 0.068
580.000 0.073
590.000 0.086
600.000 0.095
610.000 0.110
620.000 0.124
630.000 0.138
640.000 0.167
650.000 0.181
660.000 0.194
670.000 0.144
680.000 0.113
690.000 0.077
700.000 0.065
710.000 0.048
720.000 0.039
730.000 0.035
740.000 0.031
750.000 0.026
760.000 0.025
770.000 0.022
780.000 0.021
790.000 0.020
800.000 0.020
810.000 0.018
820.000 0.017
830.000 0.017
840.000 0.015
850.000 0.016
860.000 0.015
870.000 0.016
880.000 0.018
890.000 0.022
900.000 0.023
910.000 0.024
920.000 0.026
930.000 0.030
940.000 0.033
950.000 0.039
960.000 0.045
970.000 0.051
980.000 0.039
990.000 0.022
1000.000 0.018
1010.000 0.013
1020.000 0.011
1030.000 0.008
1040.000 0.006
1050.000 0.006
1060.000 0.006
1070.000 0.006
1080.000 0.006
1090.000 0.005
1100.000 0.005
1110.000 0.004
1120.000 0.004
1130.000 0.005
1140.000 0.006
1150.000 0.004
1160.000 0.005
1170.000 0.005
1180.000 0.006
1190.000 0.007
1200.000 0.008
1210.000 0.010
1220.000 0.011
1230.000 0.014
1240.000 0.018
1250.000 0.021
1260.000 0.032
1270.000 0.039
1280.000 0.057
1290.000 0.057
1300.000 0.048
1310.000 0.038
1320.000 0.035
1330.000 0.031
1340.000 0.029
1350.000 0.028
1360.000 0.026
1370.000 0.025
1380.000 0.024
1390.000 0.023
1400.000 0.023
1410.000 0.022
1420.000 0.023
1430.000 0.021
1440.000 0.023
1450.000 0.023
1460.000 0.023
1470.000 0.024
1480.000 0.027
1490.000 0.029
1500.000 0.030
1510.000 0.033
1520.000 0.036
1530.000 0.042
1540.000 0.051
1550.000 0.059
1560.000 0.080
1570.000 0.095
1580.000 0.137
1590.000 0.157
1600.000 0.133
1610.000 0.082
1620.000 0.070
1630.000 0.053
1640.000 0.043
1650.000 0.040
1660.000 0.035
1670.000 0.034
1680.000 0.031
1690.000 0.029
1700.000 0.029
1710.000 0.028
1720.000 0.028
1730.000 0.029
1740.000 0.030
1750.000 0.030
1760.000 0.031
1770.000 0.033
1780.000 0.037
1790.000 0.040
1800.000 0.043
1810.000 0.050
1820.000 0.054
1830.000 0.068
1840.000 0.086
1850.000 0.099
1860.000 0.138
1870.000 0.162
1880.000 0.218
1890.000 0.220
1900.000 0.193
1910.000 0.142
1920.000 0.125
1930.000 0.102
1940.000 0.088
1950.000 0.083
1960.000 0.075
1970.000 0.072
1980.000 0.068
1990.000 0.067
2000.000 0.065
2010.000 0.064
2020.000 0.064
2030.000 0.065
2040.000 0.065
2050.000 0.066
2060.000 0.070
2070.000 0.071
2080.000 0.075
2090.000 0.079
2100.000 0.085
2110.000 0.095
2120.000 0.101
2130.000 0.117
2140.000 0.127
2150.000 0.154
2160.000 0.187
2170.000 0.203
2180.000 0.210
2190.000 0.197
2200.000 0.151
2210.000 0.113
2220.000 0.099
2230.000 0.079
2240.000 0.071
2250.000 0.060
2260.000 0.052
2270.000 0.049
2280.000 0.044
2290.000 0.043
2300.000 0.040
2310.000 0.039
2320.000 0.038
2330.000 0.038
2340.000 0.039
2350.000 0.041
2360.000 0.044
2370.000 0.047
2380.000 0.057
2390.000 0.064
2400.000 0.086
2410.000 0.112
2420.000 0.112
2430.000 0.067
2440.000 0.050
2450.000 0.032
2460.000 0.023
2470.000 0.020
2480.000 0.016
2490.000 0.014
2500.000 0.011
2510.000 0.010
2520.000 0.008
2530.000 0.008
2540.000 0.007
2550.000 0.006
2560.000 0.006
2570.000 0.005
2580.000 0.005
2590.000 0.005
2600.000 0.004
2610.000 0.004
2620.000 0.004
2630.000 0.003
2640.000 0.004
2650.000 0.004
2660.000 0.004
2670.000 0.004
2680.000 0.004
2690.000 0.003
2700.000 0.004
2710.000 0.003
2720.000 0.003
2730.000 0.003
2740.000 0.003
2750.000 0.003
2760.000 0.003
2770.000 0.004
2780.000 0.003
2790.000 0.003
2800.000 0.003
2810.000 0.003
2820.000 0.003
2830.000 0.003
2840.000 0.003
2850.000 0.003
2860.000 0.002
2870.000 0.003
2880.000 0.003
2890.000 0.003
2900.000 0.002
2910.000 0.003
2920.000 0.003
2930.000 0.002
2940.000 0.002
2950.000 0.002
2960.000 0.003
2970.000 0.003
2980.000 0.003
2990.000 0.003
3000.000 0.003
3010.000 0.003
3020.000 0.003
3030.000 0.003
3040.000 0.003
3050.000 0.003
3060.000 0.003
3070.000 0.002
3080.000 0.003
3090.000 0.002
3100.000 0.002
3110.000 0.003
3120.000 0.003
3130.000 0.003
3140.000 0.003
3150.000 0.003
3160.000 0.004
3170.000 0.004
3180.000 0.004
3190.000 0.005
3200.000 0.005
3210.000 0.006
3220.000 0.007
3230.000 0.009
3240.000 0.009
3250.000 0.012
3260.000 0.013
3270.000 0.018
3280.000 0.025
3290.000 0.030
3300.000 0.046
3310.000 0.059
3320.000 0.101
3330.000 0.159
3340.000 0.162
3350.000 0.110
3360.000 0.096
3370.000 0.082
3380.000 0.079
3390.000 0.079
3400.000 0.085
3410.000 0.090
3420.000 0.107
3430.000 0.140
3440.000 0.162
3450.000 0.218
3460.000 0.233
3470.000 0.179
3480.000 0.116
3490.000 0.098
3500.000 0.075
3510.000 0.067
3520.000 0.057
3530.000 0.051
3540.000 0.049
3550.000 0.045
3560.000 0.045
3570.000 0.043
3580.000 0.043
3590.000 0.045
3600.000 0.047
3610.000 0.049
3620.000 0.054
3630.000 0.062
3640.000 0.068
3650.000 0.086
3660.000 0.098
3670.000 0.136
3680.000 0.181
3690.000 0.188
3700.000 0.137
3710.000 0.110
3720.000 0.078
3730.000 0.060
3740.000 0.054
3750.000 0.046
3760.000 0.043
3770.000 0.038
3780.000 0.037
3790.000 0.034
3800.000 0.033
3810.000 0.032
3820.000 0.032
3830.000 0.032
3840.000 0.032
3850.000 0.034
3860.000 0.034
3870.000 0.037
3880.000 0.039
3890.000 0.044
3900.000 0.051
3910.000 0.057
3920.000 0.073
3930.000 0.084
3940.000 0.118
3950.000 0.153
3960.000 0.153
3970.000 0.102
3980.000 0.082
3990.000 0.058
4000.000 0.045
4010.000 0.041
4020.000 0.034
4030.000 0.032
4040.000 0.028
4050.000 0.026
4060.000 0.025
4070.000 0.024
4080.000 0.023
4090.000 0.023
4100.000 0.022
4110.000 0.022
4120.000 0.024
4130.000 0.024
4140.000 0.026
4150.000 0.028
4160.000 0.030
4170.000 0.034
4180.000 0.038
4190.000 0.046
4200.000 0.062
4210.000 0.073
4220.000 0.103
4230.000 0.123
4240.000 0.111
4250.000 0.070
4260.000 0.058
4270.000 0.044
4280.000 0.035
4290.000 0.032
4300.000 0.027
4310.000 0.025
4320.000 0.023
4330.000 0.021
4340.000 0.020
4350.000 0.018
4360.000 0.018
4370.000 0.017
4380.000 0.017
4390.000 0.017
4400.000 0.016
4410.000 0.016
4420.000 0.017
4430.000 0.018
4440.000 0.021
4450.000 0.024
4460.000 0.026
4470.000 0.033
4480.000 0.047
4490.000 0.056
4500.000 0.074
4510.000 0.073
4520.000 0.049
4530.000 0.040
4540.000 0.031
4550.000 0.025
4560.000 0.023
4570.000 0.020
4580.000 0.020
4590.000 0.018
4600.000 0.019
4610.000 0.018
4620.000 0.019
4630.000 0.019
4640.000 0.019
4650.000 0.020
4660.000 0.021
4670.000 0.023
4680.000 0.025
4690.000 0.028
4700.000 0.034
4710.000 0.037
4720.000 0.047
4730.000 0.053
4740.000 0.073
4750.000 0.104
4760.000 0.118
4770.000 0.108
4780.000 0.085
4790.000 0.057
4800.000 0.042
4810.000 0.038
4820.000 0.031
4830.000 0.029
4840.000 0.024
4850.000 0.022
4860.000 0.022
4870.000 0.020
4880.000 0.020
4890.000 0.020
4900.000 0.020
4910.000 0.021
4920.000 0.022
4930.000 0.023
4940.000 0.026
4950.000 0.031
4960.000 0.036
4970.000 0.046
4980.000 0.054
4990.000 0.062
5000.000 0.055
5010.000 0.032
5020.000 0.022
5030.000 0.019
5040.000 0.014
5050.000 0.013
5060.000 0.011
5070.000 0.010
5080.000 0.009
5090.000 0.009
5100.000 0.009
5110.000 0.009
5120.000 0.011
5130.000 0.012
5140.000 0.014
5150.000 0.016
5160.000 0.015
5170.000 0.009
5180.000 0.007
5190.000 0.005
5200.000 0.004
5210.000 0.003
5220.000 0.003
5230.000 0.002
5240.000 0.002
5250.000 0.002
5260.000 0.002
5270.000 0.001
5280.000 0.001
5290.000 0.001
5300.000 0.001
5310.000 0.001
5320.000 0.001
5330.000 0.001
5340.000 0.001
5350.000 0.001
5360.000 0.001
5370.000 0.001
5380.000 0.001
5390.000 0.001
5400.000 0.001
5410.000 0.001
5420.000 0.001
5430.000 0.001
5440.000 0.001
5450.000 0.001
5460.000 0.001
5470.000 0.001
5480.000 0.001
5490.000 0.001
5500.000 0.001
5510.000 0.001
5520.000 0.001
5530.000 0.002
5540.000 0.001
5550.000 0.001
5560.000 0.001
5570.000 0.001
5580.000 0.001
5590.000 0.001
5600.000 0.001
5610.000 0.001
5620.000 0.001
5630.000 0.001
5640.000 0.001
5650.000 0.001
5660.000 0.001
5670.000 0.001
5680.000 0.001
5690.000 0.001
5700.000 0.001
5710.000 0.001
5720.000 0.001
5730.000 0.001
5740.000 0.002
5750.000 0.001
5760.000 0.001
5770.000 0.001
5780.000 0.001
5790.000 0.001
5800.000 0.001
5810.000 0.001
5820.000 0.001
5830.000 0.001
5840.000 0.001
5850.000 0.001
5860.000 0.001
5870.000 0.001
5880.000 0.001
5890.000 0.001
5900.000 0.001
5910.000 0.001
5920.000 0.001
5930.000 0.001
5940.000 0.001
5950.000 0.001
5960.000 0.001
5970.000 0.001
5980.000 0.001
5990.000 0.001
6000.000 0.001
6010.000 0.001
6020.000 0.001
6030.000 0.001
6040.000 0.001
6050.000 0.001
6060.000 0.001
6070.000 0.001
6080.000 0.001
6090.000 0.001
6100.000 0.001
6110.000 0.001
6120.000 0.001
6130.000 0.001
6140.000 0.001
6150.000 0.001
6160.000 0.001
6170.000 0.001
6180.000 0.001
6190.000 0.001
6200.000 0.001
6210.000 0.001
6220.000 0.001
6230.000 0.001
6240.000 0.001
6250.000 0.001
6260.000 0.001
6270.000 0.001
6280.000 0.001
6290.000 0.001
6300.000 0.001
6310.000 0.001
6320.000 0.001
6330.000 0.001
6340.000 0.001
6350.000 0.001
6360.000 0.001
6370.000 0.001
6380.000 0.001
6390.000 0.001
6400.000 0.001
6410.000 0.001
6420.000 0.001
6430.000 0.001
6440.000 0.001
6450.000 0.001
6460.000 0.002
6470.000 0.001
6480.000 0.002
6490.000 0.001
6500.000 0.001
6510.000 0.002
6520.000 0.002
6530.000 0.003
6540.000 0.003
6550.000 0.004
6560.000 0.005
6570.000 0.005
6580.000 0.009
6590.000 0.013
6600.000 0.017
6610.000 0.030
6620.000 0.040
6630.000 0.055
6640.000 0.047
6650.000 0.044
6660.000 0.043
6670.000 0.045
6680.000 0.053
6690.000 0.070
6700.000 0.081
6710.000 0.101
6720.000 0.100
6730.000 0.071
6740.000 0.051
6750.000 0.045
6760.000 0.039
6770.000 0.037
6780.000 0.035
6790.000 0.034
6800.000 0.035
6810.000 0.037
6820.000 0.039
6830.000 0.045
6840.000 0.057
6850.000 0.064
6860.000 0.085
6870.000 0.097
6880.000 0.099
6890.000 0.071
6900.000 0.060
6910.000 0.045
6920.000 0.040
6930.000 0.034
6940.000 0.029
6950.000 0.028
6960.000 0.026
6970.000 0.026
6980.000 0.025
6990.000 0.026
7000.000 0.027
7010.000 0.029
7020.000 0.030
7030.000 0.033
7040.000 0.040
7050.000 0.044
7060.000 0.057
7070.000 0.066
7080.000 0.085
7090.000 0.084
7100.000 0.072
7110.000 0.051
7120.000 0.044
7130.000 0.034
7140.000 0.028
7150.000 0.026
7160.000 0.023
7170.000 0.023
7180.000 0.021
7190.000 0.020
7200.000 0.020
7210.000 0.020
7220.000 0.020
7230.000 0.021
7240.000 0.024
7250.000 0.024
7260.000 0.027
7270.000 0.030
7280.000 0.036
7290.000 0.047
7300.000 0.053
7310.000 0.068
7320.000 0.071
7330.000 0.059
7340.000 0.050
7350.000 0.036
7360.000 0.028
7370.000 0.025
7380.000 0.022
7390.000 0.020
7400.000 0.019
7410.000 0.017
7420.000 0.017
7430.000 0.016
7440.000 0.016
7450.000 0.016
7460.000 0.017
7470.000 0.017
7480.000 0.019
7490.000 0.020
7500.000 0.024
7510.000 0.028
7520.000 0.031
7530.000 0.040
7540.000 0.045
7550.000 0.053
7560.000 0.047
7570.000 0.039
7580.000 0.029
7590.000 0.025
7600.000 0.020
7610.000 0.017
7620.000 0.015
7630.000 0.014
7640.000 0.013
7650.000 0.013
7660.000 0.012
7670.000 0.012
7680.000 0.013
7690.000 0.013
7700.000 0.013
7710.000 0.015
7720.000 0.017
7730.000 0.020
7740.000 0.022
7750.000 0.028
7760.000 0.035
7770.000 0.037
7780.000 0.032
7790.000 0.027
7800.000 0.019
7810.000 0.015
7820.000 0.013
7830.000 0.011
7840.000 0.011
7850.000 0.010
7860.000 0.009
7870.000 0.009
7880.000 0.009
7890.000 0.009
7900.000 0.010
7910.000 0.011
7920.000 0.012
7930.000 0.014
7940.000 0.016
7950.000 0.019
7960.000 0.018
7970.000 0.015
7980.000 0.010
7990.000 0.009
8000.000 0.007
8010.000 0.006
8020.000 0.005
8030.000 0.005
8040.000 0.005
8050.000 0.005
8060.000 0.006
8070.000 0.006
8080.000 0.006
8090.000 0.005
8100.000 0.004
8110.000 0.003
8120.000 0.002
8130.000 0.002
8140.000 0.001
8150.000 0.002
8160.000 0.001
8170.000 0.001
8180.000 0.001
8190.000 0.001
8200.000 0.001
8210.000 0.001
8220.000 0.001
8230.000 0.001
8240.000 0.001
8250.000 0.001
8260.000 0.001
8270.000 0.001
8280.000 0.001
8290.000 0.001
8300.000 0.001
8310.000 0.001
8320.000 0.001
8330.000 0.001
8340.000 0.001
8350.000 0.001
8360.000 0.001
8370.000 0.001
8380.000 0.001
8390.000 0.001
8400.000 0.001
8410.000 0.001
8420.000 0.001
8430.000 0.001
8440.000 0.001
8450.000 0.001
8460.000 0.001
8470.000 0.001
8480.000 0.001
8490.000 0.001
8500.000 0.001
8510.000 0.001
8520.000 0.001
8530.000 0.001
8540.000 0.001
8550.000 0.001
8560.000 0.001
8570.000 0.002
8580.000 0.001
8590.000 0.001
8600.000 0.001
8610.000 0.001
8620.000 0.001
8630.000 0.001
8640.000 0.001
8650.000 0.001
8660.000 0.001
8670.000 0.001
8680.000 0.001
8690.000 0.001
8700.000 0.001
8710.000 0.001
8720.000 0.001
8730.000 0.001
8740.000 0.002
8750.000 0.001
8760.000 0.001
8770.000 0.001
8780.000 0.001
8790.000 0.001
8800.000 0.001
8810.000 0.001
8820.000 0.001
8830.000 0.001
8840.000 0.001
8850.000 0.001
8860.000 0.001
8870.000 0.001
8880.000 0.001
8890.000 0.001
8900.000 0.002
8910.000 0.001
8920.000 0.001
8930.000 0.001
8940.000 0.001
8950.000 0.001
8960.000 0.001
8970.000 0.001
8980.000 0.001
8990.000 0.002
9000.000 0.001
9010.000 0.001
9020.000 0.001
9030.000 0.001
9040.000 0.001
9050.000 0.001
9060.000 0.001
9070.000 0.001
9080.000 0.001
9090.000 0.001
9100.000 0.002
9110.000 0.001
9120.000 0.001
9130.000 0.001
9140.000 0.001
9150.000 0.002
9160.000 0.001
9170.000 0.001
9180.000 0.001
9190.000 0.001
9200.000 0.001
9210.000 0.002
9220.000 0.001
9230.000 0.001
9240.000 0.002
9250.000 0.001
9260.000 0.001
9270.000 0.001
9280.000 0.001
9290.000 0.001
9300.000 0.002
9310.000 0.001
9320.000 0.001
9330.000 0.001
9340.000 0.001
9350.000 0.001
9360.000 0.001
9370.000 0.001
9380.000 0.002
9390.000 0.001
9400.000 0.001
9410.000 0.001
9420.000 0.001
9430.000 0.001
9440.000 0.001
9450.000 0.001
9460.000 0.001
9470.000 0.001
9480.000 0.001
9490.000 0.001
9500.000 0.001
9510.000 0.001
9520.000 0.001
9530.000 0.001
9540.000 0.001
9550.000 0.001
9560.000 0.001
9570.000 0.002
9580.000 0.001
9590.000 0.001
9600.000 0.001
9610.000 0.001
9620.000 0.002
9630.000 0.001
9640.000 0.002
9650.000 0.001
9660.000 0.001
9670.000 0.001
9680.000 0.001
9690.000 0.001
9700.000 0.001
9710.000 0.001
9720.000 0.002
9730.000 0.001
9740.000 0.001
9750.000 0.001
9760.000 0.001
9770.000 0.001
9780.000 0.001
9790.000 0.001
9800.000 0.001
9810.000 0.001
9820.000 0.002
9830.000 0.002
9840.000 0.003
9850.000 0.005
9860.000 0.006
9870.000 0.011
9880.000 0.016
9890.000 0.015
9900.000 0.014
9910.000 0.014
9920.000 0.017
9930.000 0.019
9940.000 0.024
9950.000 0.031
9960.000 0.035
9970.000 0.032
9980.000 0.028
9990.000 0.021
10000.000 0.018
10010.000 0.017
10020.000 0.016
10030.000 0.016
10040.000 0.017
10050.000 0.019
10060.000 0.020
10070.000 0.025
10080.000 0.027
10090.000 0.035
10100.000 0.040
10110.000 0.039
10120.000 0.029
10130.000 0.026
10140.000 0.020
10150.000 0.017
10160.000 0.016
10170.000 0.015
10180.000 0.015
10190.000 0.014
10200.000 0.015
10210.000 0.015
10220.000 0.017
10230.000 0.017
10240.000 0.020
10250.000 0.025
10260.000 0.028
10270.000 0.035
10280.000 0.038
10290.000 0.038
10300.000 0.030
10310.000 0.025
10320.000 0.020
10330.000 0.018
10340.000 0.015
10350.000 0.014
10360.000 0.013
10370.000 0.012
10380.000 0.012
10390.000 0.011
10400.000 0.013
10410.000 0.012
10420.000 0.013
10430.000 0.014
10440.000 0.016
10450.000 0.017
10460.000 0.021
10470.000 0.026
10480.000 0.029
10490.000 0.029
10500.000 0.028
10510.000 0.021
10520.000 0.017
10530.000 0.014
10540.000 0.012
10550.000 0.012
10560.000 0.011
10570.000 0.009
10580.000 0.010
10590.000 0.009
10600.000 0.010
10610.000 0.010
10620.000 0.010
10630.000 0.011
10640.000 0.013
10650.000 0.014
10660.000 0.016
10670.000 0.019
10680.000 0.020
10690.000 0.023
10700.000 0.023
10710.000 0.022
10720.000 0.017
10730.000 0.015
10740.000 0.012
10750.000 0.009
10760.000 0.009
10770.000 0.008
10780.000 0.008
10790.000 0.008
10800.000 0.007
10810.000 0.007
10820.000 0.008
10830.000 0.008
10840.000 0.009
10850.000 0.009
10860.000 0.009
10870.000 0.012
10880.000 0.013
10890.000 0.014
10900.000 0.013
10910.000 0.010
10920.000 0.009
10930.000 0.007
10940.000 0.007
10950.000 0.006
10960.000 0.006
10970.000 0.005
10980.000 0.005
10990.000 0.006
11000.000 0.005
11010.000 0.006
11020.000 0.007
11030.000 0.007
11040.000 0.008
11050.000 0.009
11060.000 0.010
11070.000 0.008
11080.000 0.006
11090.000 0.005
11100.000 0.005
11110.000 0.004
11120.000 0.003
11130.000 0.003
11140.000 0.003
11150.000 0.002
11160.000 0.002
11170.000 0.001
11180.000 0.001
11190.000 0.001
11200.000 0.001
11210.000 0.001
11220.000 0.001
11230.000 0.001
11240.000 0.001
11250.000 0.002
11260.000 0.001
11270.000 0.001
11280.000 0.001
11290.000 0.001
11300.000 0.001
11310.000 0.002
11320.000 0.002
11330.000 0.001
11340.000 0.001
11350.000 0.001
11360.000 0.001
11370.000 0.002
11380.000 0.002
11390.000 0.002
11400.000 0.002
11410.000 0.002
11420.000 0.001
11430.000 0.001
11440.000 0.002
11450.000 0.001
11460.000 0.002
11470.000 0.001
11480.000 0.002
11490.000 0.001
11500.000 0.002
11510.000 0.002
11520.000 0.002
11530.000 0.001
11540.000 0.002
11550.000 0.001
11560.000 0.002
11570.000 0.002
11580.000 0.001
11590.000 0.002
11600.000 0.002
11610.000 0.002
11620.000 0.002
11630.000 0.002
11640.000 0.002
11650.000 0.001
11660.000 0.002
11670.000 0.002
11680.000 0.002
11690.000 0.002
11700.000 0.001
11710.000 0.001
11720.000 0.002
11730.000 0.002
11740.000 0.001
11750.000 0.002
11760.000 0.002
11770.000 0.002
11780.000 0.002
11790.000 0.001
11800.000 0.002
11810.000 0.002
11820.000 0.002
11830.000 0.001
11840.000 0.001
11850.000 0.002
11860.000 0.002
11870.000 0.002
11880.000 0.002
11890.000 0.001
11900.000 0.002
11910.000 0.001
11920.000 0.002
11930.000 0.002
11940.000 0.002
11950.000 0.002
11960.000 0.002
11970.000 0.002
11980.000 0.002
11990.000 0.002
12000.000 0.001
