10.000 0.039
20.000 0.552
30.000 0.627
40.000 0.094
50.000 0.152
60.000 0.153
70.000 0.132
80.000 0.113
90.000 0.118
100.000 0.098
110.000 0.081
120.000 0.076
130.000 0.066
140.000 0.054
150.000 0.052
160.000 0.053
170.000 0.043
180.000 0.057
190.000 0.045
200.000 0.046
210.000 0.046
220.000 0.047
230.000 0.048
240.000 0.043
250.000 0.054
260.000 0.058
270.000 0.071
280.000 0.072
290.000 0.073
300.000 0.056
310.000 0.056
320.000 0.043
330.000 0.045
340.000 0.040
350.000 0.039
360.000 0.040
370.000 0.038
380.000 0.028
390.000 0.029
400.000 0.031
410.000 0.027
420.000 0.026
430.000 0.028
440.000 0.030
450.000 0.027
460.000 0.034
470.000 0.034
480.000 0.039
490.000 0.048
500.000 0.055
510.000 0.083
520.000 0.127
530.000 0.159
540.000 0.220
550.000 0.217
560.000 0.192
570.000 0.153
580.000 0.140
590.000 0.117
600.000 0.106
610.000 0.090
620.000 0.074
630.000 0.067
640.000 0.058
650.000 0.051
660.000 0.047
670.000 0.038
680.000 0.039
690.000 0.034
700.000 0.034
710.000 0.031
720.000 0.031
730.000 0.031
740.000 0.031
750.000 0.031
760.000 0.033
770.000 0.039
780.000 0.039
790.000 0.045
800.000 0.044
810.000 0.026
820.000 0.011
830.000 0.009
840.000 0.004
850.000 0.005
860.000 0.003
870.000 0.006
880.000 0.006
890.000 0.003
900.000 0.002
910.000 0.002
920.000 0.003
930.000 0.003
940.000 0.002
950.000 0.004
960.000 0.003
970.000 0.003
980.000 0.004
990.000 0.003
1000.000 0.004
1010.000 0.008
1020.000 0.011
1030.000 0.016
1040.000 0.030
1050.000 0.039
1060.000 0.048
1070.000 0.037
1080.000 0.033
1090.000 0.026
1100.000 0.025
1110.000 0.021
1120.000 0.020
1130.000 0.019
1140.000 0.018
1150.000 0.019
1160.000 0.019
1170.000 0.018
1180.000 0.018
1190.000 0.019
1200.000 0.019
1210.000 0.018
1220.000 0.020
1230.000 0.020
1240.000 0.021
1250.000 0.022
1260.000 0.025
1270.000 0.031
1280.000 0.033
1290.000 0.046
1300.000 0.057
1310.000 0.074
1320.000 0.054
1330.000 0.044
1340.000 0.031
1350.000 0.028
1360.000 0.023
1370.000 0.018
1380.000 0.017
1390.000 0.016
1400.000 0.015
1410.000 0.013
1420.000 0.014
1430.000 0.014
1440.000 0.013
1450.000 0.015
1460.000 0.015
1470.000 0.018
1480.000 0.018
1490.000 0.021
1500.000 0.023
1510.000 0.030
1520.000 0.039
1530.000 0.048
1540.000 0.073
1550.000 0.093
1560.000 0.130
1570.000 0.123
1580.000 0.076
1590.000 0.055
1600.000 0.050
1610.000 0.042
1620.000 0.039
1630.000 0.036
1640.000 0.034
1650.000 0.033
1660.000 0.033
1670.000 0.032
1680.000 0.033
1690.000 0.035
1700.000 0.035
1710.000 0.038
1720.000 0.039
1730.000 0.044
1740.000 0.051
1750.000 0.055
1760.000 0.068
1770.000 0.080
1780.000 0.108
1790.000 0.155
1800.000 0.181
1810.000 0.188
1820.000 0.154
1830.000 0.101
1840.000 0.076
1850.000 0.068
1860.000 0.059
1870.000 0.054
1880.000 0.049
1890.000 0.047
1900.000 0.046
1910.000 0.045
1920.000 0.045
1930.000 0.047
1940.000 0.048
1950.000 0.051
1960.000 0.056
1970.000 0.060
1980.000 0.070
1990.000 0.083
2000.000 0.093
2010.000 0.119
2020.000 0.137
2030.000 0.180
2040.000 0.215
2050.000 0.215
2060.000 0.175
2070.000 0.153
2080.000 0.119
2090.000 0.098
2100.000 0.092
2110.000 0.080
2120.000 0.076
2130.000 0.070
2140.000 0.065
2150.000 0.064
2160.000 0.062
2170.000 0.061
2180.000 0.061
2190.000 0.063
2200.000 0.064
2210.000 0.069
2220.000 0.073
2230.000 0.085
2240.000 0.103
2250.000 0.116
2260.000 0.150
2270.000 0.164
2280.000 0.154
2290.000 0.102
2300.000 0.083
2310.000 0.060
2320.000 0.053
2330.000 0.043
2340.000 0.037
2350.000 0.034
2360.000 0.031
2370.000 0.030
2380.000 0.029
2390.000 0.030
2400.000 0.032
2410.000 0.036
2420.000 0.040
2430.000 0.053
2440.000 0.071
2450.000 0.074
2460.000 0.042
2470.000 0.031
2480.000 0.019
2490.000 0.013
2500.000 0.011
2510.000 0.009
2520.000 0.008
2530.000 0.007
2540.000 0.006
2550.000 0.005
2560.000 0.005
2570.000 0.004
2580.000 0.004
2590.000 0.004
2600.000 0.004
2610.000 0.004
2620.000 0.004
2630.000 0.004
2640.000 0.004
2650.000 0.004
2660.000 0.003
2670.000 0.003
2680.000 0.003
2690.000 0.003
2700.000 0.003
2710.000 0.003
2720.000 0.003
2730.000 0.003
2740.000 0.003
2750.000 0.003
2760.000 0.003
2770.000 0.003
2780.000 0.003
2790.000 0.003
2800.000 0.003
2810.000 0.003
2820.000 0.003
2830.000 0.002
2840.000 0.003
2850.000 0.002
2860.000 0.003
2870.000 0.003
2880.000 0.003
2890.000 0.003
2900.000 0.003
2910.000 0.003
2920.000 0.003
2930.000 0.002
2940.000 0.003
2950.000 0.002
2960.000 0.002
2970.000 0.002
2980.000 0.003
2990.000 0.002
3000.000 0.002
3010.000 0.002
3020.000 0.003
3030.000 0.003
3040.000 0.003
3050.000 0.003
3060.000 0.003
3070.000 0.003
3080.000 0.003
3090.000 0.003
3100.000 0.003
3110.000 0.002
3120.000 0.003
3130.000 0.002
3140.000 0.002
3150.000 0.003
3160.000 0.002
3170.000 0.003
3180.000 0.003
3190.000 0.003
3200.000 0.003
3210.000 0.003
3220.000 0.004
3230.000 0.005
3240.000 0.005
3250.000 0.007
3260.000 0.009
3270.000 0.011
3280.000 0.017
3290.000 0.021
3300.000 0.035
3310.000 0.064
3320.000 0.088
3330.000 0.139
3340.000 0.129
3350.000 0.092
3360.000 0.087
3370.000 0.087
3380.000 0.098
3390.000 0.126
3400.000 0.147
3410.000 0.174
3420.000 0.210
3430.000 0.149
3440.000 0.116
3450.000 0.082
3460.000 0.073
3470.000 0.061
3480.000 0.054
3490.000 0.052
3500.000 0.050
3510.000 0.050
3520.000 0.052
3530.000 0.057
3540.000 0.061
3550.000 0.073
3560.000 0.082
3570.000 0.112
3580.000 0.157
3590.000 0.176
3600.000 0.152
3610.000 0.118
3620.000 0.079
3630.000 0.060
3640.000 0.055
3650.000 0.046
3660.000 0.043
3670.000 0.040
3680.000 0.037
3690.000 0.036
3700.000 0.036
3710.000 0.037
3720.000 0.039
3730.000 0.042
3740.000 0.044
3750.000 0.052
3760.000 0.057
3770.000 0.073
3780.000 0.101
3790.000 0.121
3800.000 0.153
3810.000 0.145
3820.000 0.090
3830.000 0.062
3840.000 0.053
3850.000 0.043
3860.000 0.039
3870.000 0.033
3880.000 0.030
3890.000 0.029
3900.000 0.028
3910.000 0.027
3920.000 0.027
3930.000 0.028
3940.000 0.028
3950.000 0.031
3960.000 0.033
3970.000 0.038
3980.000 0.047
3990.000 0.052
4000.000 0.071
4010.000 0.085
4020.000 0.117
4030.000 0.111
4040.000 0.086
4050.000 0.056
4060.000 0.048
4070.000 0.038
4080.000 0.032
4090.000 0.030
4100.000 0.026
4110.000 0.025
4120.000 0.024
4130.000 0.023
4140.000 0.024
4150.000 0.024
4160.000 0.024
4170.000 0.026
4180.000 0.028
4190.000 0.030
4200.000 0.035
4210.000 0.039
4220.000 0.049
4230.000 0.069
4240.000 0.082
4250.000 0.106
4260.000 0.100
4270.000 0.062
4280.000 0.042
4290.000 0.036
4300.000 0.028
4310.000 0.026
4320.000 0.022
4330.000 0.019
4340.000 0.018
4350.000 0.017
4360.000 0.016
4370.000 0.015
4380.000 0.016
4390.000 0.015
4400.000 0.016
4410.000 0.016
4420.000 0.018
4430.000 0.022
4440.000 0.024
4450.000 0.032
4460.000 0.039
4470.000 0.054
4480.000 0.056
4490.000 0.046
4500.000 0.030
4510.000 0.026
4520.000 0.020
4530.000 0.019
4540.000 0.017
4550.000 0.016
4560.000 0.016
4570.000 0.015
4580.000 0.016
4590.000 0.016
4600.000 0.018
4610.000 0.018
4620.000 0.021
4630.000 0.023
4640.000 0.028
4650.000 0.035
4660.000 0.042
4670.000 0.060
4680.000 0.073
4690.000 0.098
4700.000 0.084
4710.000 0.067
4720.000 0.047
4730.000 0.041
4740.000 0.033
4750.000 0.029
4760.000 0.027
4770.000 0.025
4780.000 0.024
4790.000 0.023
4800.000 0.023
4810.000 0.023
4820.000 0.024
4830.000 0.026
4840.000 0.029
4850.000 0.034
4860.000 0.039
4870.000 0.053
4880.000 0.062
4890.000 0.074
4900.000 0.052
4910.000 0.041
4920.000 0.029
4930.000 0.025
4940.000 0.020
4950.000 0.018
4960.000 0.016
4970.000 0.015
4980.000 0.015
4990.000 0.015
5000.000 0.016
5010.000 0.016
5020.000 0.019
5030.000 0.021
5040.000 0.027
5050.000 0.035
5060.000 0.035
5070.000 0.024
5080.000 0.018
5090.000 0.012
5100.000 0.009
5110.000 0.008
5120.000 0.007
5130.000 0.007
5140.000 0.007
5150.000 0.007
5160.000 0.008
5170.000 0.009
5180.000 0.009
5190.000 0.005
5200.000 0.003
5210.000 0.003
5220.000 0.002
5230.000 0.002
5240.000 0.002
5250.000 0.002
5260.000 0.001
5270.000 0.001
5280.000 0.001
5290.000 0.001
5300.000 0.001
5310.000 0.001
5320.000 0.001
5330.000 0.001
5340.000 0.001
5350.000 0.001
5360.000 0.001
5370.000 0.002
5380.000 0.001
5390.000 0.001
5400.000 0.001
5410.000 0.001
5420.000 0.001
5430.000 0.001
5440.000 0.001
5450.000 0.001
5460.000 0.001
5470.000 0.002
5480.000 0.001
5490.000 0.001
5500.000 0.001
5510.000 0.001
5520.000 0.001
5530.000 0.001
5540.000 0.001
5550.000 0.001
5560.000 0.001
5570.000 0.001
5580.000 0.001
5590.000 0.001
5600.000 0.001
5610.000 0.001
5620.000 0.001
5630.000 0.001
5640.000 0.001
5650.000 0.001
5660.000 0.001
5670.000 0.001
5680.000 0.001
5690.000 0.001
5700.000 0.001
5710.000 0.001
5720.000 0.001
5730.000 0.001
5740.000 0.001
5750.000 0.001
5760.000 0.001
5770.000 0.001
5780.000 0.001
5790.000 0.001
5800.000 0.001
5810.000 0.001
5820.000 0.001
5830.000 0.001
5840.000 0.001
5850.000 0.001
5860.000 0.001
5870.000 0.001
5880.000 0.001
5890.000 0.001
5900.000 0.001
5910.000 0.001
5920.000 0.001
5930.000 0.001
5940.000 0.001
5950.000 0.001
5960.000 0.001
5970.000 0.001
5980.000 0.001
5990.000 0.001
6000.000 0.001
6010.000 0.001
6020.000 0.001
6030.000 0.001
6040.000 0.001
6050.000 0.001
6060.000 0.001
6070.000 0.001
6080.000 0.001
6090.000 0.001
6100.000 0.001
6110.000 0.001
6120.000 0.001
6130.000 0.001
6140.000 0.001
6150.000 0.001
6160.000 0.001
6170.000 0.001
6180.000 0.001
6190.000 0.001
6200.000 0.001
6210.000 0.001
6220.000 0.001
6230.000 0.001
6240.000 0.001
6250.000 0.001
6260.000 0.001
6270.000 0.001
6280.000 0.001
6290.000 0.001
6300.000 0.001
6310.000 0.001
6320.000 0.001
6330.000 0.001
6340.000 0.001
6350.000 0.001
6360.000 0.001
6370.000 0.001
6380.000 0.001
6390.000 0.001
6400.000 0.001
6410.000 0.001
6420.000 0.001
6430.000 0.001
6440.000 0.001
6450.000 0.001
6460.000 0.001
6470.000 0.001
6480.000 0.001
6490.000 0.002
6500.000 0.002
6510.000 0.001
6520.000 0.001
6530.000 0.002
6540.000 0.002
6550.000 0.002
6560.000 0.003
6570.000 0.004
6580.000 0.005
6590.000 0.010
6600.000 0.013
6610.000 0.025
6620.000 0.041
6630.000 0.043
6640.000 0.041
6650.000 0.042
6660.000 0.052
6670.000 0.070
6680.000 0.079
6690.000 0.074
6700.000 0.061
6710.000 0.045
6720.000 0.039
6730.000 0.037
6740.000 0.037
6750.000 0.038
6760.000 0.043
6770.000 0.053
6780.000 0.061
6790.000 0.082
6800.000 0.090
6810.000 0.080
6820.000 0.054
6830.000 0.047
6840.000 0.037
6850.000 0.034
6860.000 0.031
6870.000 0.029
6880.000 0.028
6890.000 0.030
6900.000 0.031
6910.000 0.034
6920.000 0.038
6930.000 0.047
6940.000 0.062
6950.000 0.072
6960.000 0.084
6970.000 0.078
6980.000 0.055
6990.000 0.040
7000.000 0.035
7010.000 0.030
7020.000 0.027
7030.000 0.025
7040.000 0.024
7050.000 0.024
7060.000 0.024
7070.000 0.025
7080.000 0.027
7090.000 0.031
7100.000 0.034
7110.000 0.042
7120.000 0.048
7130.000 0.062
7140.000 0.072
7150.000 0.067
7160.000 0.047
7170.000 0.040
7180.000 0.031
7190.000 0.026
7200.000 0.023
7210.000 0.021
7220.000 0.020
7230.000 0.019
7240.000 0.019
7250.000 0.020
7260.000 0.020
7270.000 0.021
7280.000 0.024
7290.000 0.029
7300.000 0.032
7310.000 0.041
7320.000 0.047
7330.000 0.058
7340.000 0.054
7350.000 0.045
7360.000 0.032
7370.000 0.028
7380.000 0.022
7390.000 0.019
7400.000 0.018
7410.000 0.017
7420.000 0.016
7430.000 0.016
7440.000 0.016
7450.000 0.017
7460.000 0.018
7470.000 0.019
7480.000 0.021
7490.000 0.027
7500.000 0.030
7510.000 0.040
7520.000 0.044
7530.000 0.046
7540.000 0.034
7550.000 0.029
7560.000 0.022
7570.000 0.020
7580.000 0.016
7590.000 0.015
7600.000 0.014
7610.000 0.013
7620.000 0.013
7630.000 0.013
7640.000 0.014
7650.000 0.015
7660.000 0.016
7670.000 0.018
7680.000 0.022
7690.000 0.028
7700.000 0.032
7710.000 0.035
7720.000 0.032
7730.000 0.022
7740.000 0.017
7750.000 0.015
7760.000 0.012
7770.000 0.012
7780.000 0.011
7790.000 0.010
7800.000 0.010
7810.000 0.010
7820.000 0.011
7830.000 0.012
7840.000 0.015
7850.000 0.017
7860.000 0.021
7870.000 0.023
7880.000 0.022
7890.000 0.016
7900.000 0.013
7910.000 0.010
7920.000 0.009
7930.000 0.008
7940.000 0.007
7950.000 0.007
7960.000 0.007
7970.000 0.007
7980.000 0.008
7990.000 0.009
8000.000 0.010
8010.000 0.011
8020.000 0.010
8030.000 0.006
8040.000 0.005
8050.000 0.004
8060.000 0.003
8070.000 0.003
8080.000 0.003
8090.000 0.004
8100.000 0.003
8110.000 0.002
8120.000 0.002
8130.000 0.001
8140.000 0.001
8150.000 0.001
8160.000 0.001
8170.000 0.001
8180.000 0.001
8190.000 0.001
8200.000 0.001
8210.000 0.001
8220.000 0.001
8230.000 0.001
8240.000 0.001
8250.000 0.001
8260.000 0.001
8270.000 0.001
8280.000 0.001
8290.000 0.001
8300.000 0.001
8310.000 0.001
8320.000 0.001
8330.000 0.001
8340.000 0.001
8350.000 0.001
8360.000 0.001
8370.000 0.001
8380.000 0.001
8390.000 0.001
8400.000 0.001
8410.000 0.001
8420.000 0.001
8430.000 0.001
8440.000 0.001
8450.000 0.001
8460.000 0.001
8470.000 0.001
8480.000 0.001
8490.000 0.001
8500.000 0.001
8510.000 0.001
8520.000 0.001
8530.000 0.001
8540.000 0.001
8550.000 0.001
8560.000 0.001
8570.000 0.001
8580.000 0.001
8590.000 0.001
8600.000 0.001
8610.000 0.001
8620.000 0.001
8630.000 0.001
8640.000 0.001
8650.000 0.001
8660.000 0.001
8670.000 0.001
8680.000 0.001
8690.000 0.001
8700.000 0.001
8710.000 0.001
8720.000 0.001
8730.000 0.001
8740.000 0.001
8750.000 0.001
8760.000 0.001
8770.000 0.001
8780.000 0.001
8790.000 0.001
8800.000 0.001
8810.000 0.001
8820.000 0.001
8830.000 0.001
8840.000 0.001
8850.000 0.001
8860.000 0.001
8870.000 0.001
8880.000 0.001
8890.000 0.001
8900.000 0.001
8910.000 0.001
8920.000 0.001
8930.000 0.001
8940.000 0.001
8950.000 0.001
8960.000 0.001
8970.000 0.001
8980.000 0.001
8990.000 0.001
9000.000 0.001
9010.000 0.001
9020.000 0.001
9030.000 0.001
9040.000 0.001
9050.000 0.001
9060.000 0.001
9070.000 0.001
9080.000 0.001
9090.000 0.001
9100.000 0.001
9110.000 0.001
9120.000 0.001
9130.000 0.001
9140.000 0.001
9150.000 0.001
9160.000 0.001
9170.000 0.001
9180.000 0.001
9190.000 0.001
9200.000 0.002
9210.000 0.001
9220.000 0.001
9230.000 0.001
9240.000 0.001
9250.000 0.001
9260.000 0.001
9270.000 0.001
9280.000 0.002
9290.000 0.001
9300.000 0.001
9310.000 0.001
9320.000 0.001
9330.000 0.001
9340.000 0.001
9350.000 0.002
9360.000 0.001
9370.000 0.001
9380.000 0.001
9390.000 0.001
9400.000 0.001
9410.000 0.001
9420.000 0.001
9430.000 0.001
9440.000 0.001
9450.000 0.002
9460.000 0.001
9470.000 0.001
9480.000 0.001
9490.000 0.001
9500.000 0.001
9510.000 0.001
9520.000 0.001
9530.000 0.001
9540.000 0.001
9550.000 0.001
9560.000 0.001
9570.000 0.001
9580.000 0.001
9590.000 0.001
9600.000 0.001
9610.000 0.001
9620.000 0.001
9630.000 0.002
9640.000 0.001
9650.000 0.001
9660.000 0.001
9670.000 0.001
9680.000 0.001
9690.000 0.001
9700.000 0.001
9710.000 0.001
9720.000 0.001
9730.000 0.001
9740.000 0.001
9750.000 0.001
9760.000 0.001
9770.000 0.002
9780.000 0.001
9790.000 0.001
9800.000 0.001
9810.000 0.001
9820.000 0.001
9830.000 0.002
9840.000 0.002
9850.000 0.003
9860.000 0.005
9870.000 0.009
9880.000 0.011
9890.000 0.012
9900.000 0.015
9910.000 0.016
9920.000 0.022
9930.000 0.025
9940.000 0.025
9950.000 0.019
9960.000 0.018
9970.000 0.016
9980.000 0.016
9990.000 0.017
10000.000 0.019
10010.000 0.022
10020.000 0.028
10030.000 0.031
10040.000 0.031
10050.000 0.024
10060.000 0.022
10070.000 0.017
10080.000 0.016
10090.000 0.016
10100.000 0.015
10110.000 0.016
10120.000 0.017
10130.000 0.018
10140.000 0.022
10150.000 0.029
10160.000 0.033
10170.000 0.037
10180.000 0.035
10190.000 0.026
10200.000 0.020
10210.000 0.018
10220.000 0.015
10230.000 0.015
10240.000 0.014
10250.000 0.013
10260.000 0.014
10270.000 0.015
10280.000 0.015
10290.000 0.018
10300.000 0.022
10310.000 0.024
10320.000 0.030
10330.000 0.031
10340.000 0.026
10350.000 0.020
10360.000 0.017
10370.000 0.014
10380.000 0.013
10390.000 0.012
10400.000 0.011
10410.000 0.011
10420.000 0.012
10430.000 0.012
10440.000 0.013
10450.000 0.015
10460.000 0.016
10470.000 0.020
10480.000 0.023
10490.000 0.028
10500.000 0.026
10510.000 0.023
10520.000 0.017
10530.000 0.016
10540.000 0.013
10550.000 0.011
10560.000 0.010
10570.000 0.010
10580.000 0.010
10590.000 0.009
10600.000 0.010
10610.000 0.010
10620.000 0.011
10630.000 0.011
10640.000 0.013
10650.000 0.016
10660.000 0.017
10670.000 0.018
10680.000 0.017
10690.000 0.014
10700.000 0.012
10710.000 0.010
10720.000 0.009
10730.000 0.008
10740.000 0.008
10750.000 0.008
10760.000 0.008
10770.000 0.008
10780.000 0.008
10790.000 0.009
10800.000 0.010
10810.000 0.011
10820.000 0.015
10830.000 0.016
10840.000 0.016
10850.000 0.013
10860.000 0.010
10870.000 0.009
10880.000 0.008
10890.000 0.007
10900.000 0.006
10910.000 0.006
10920.000 0.006
10930.000 0.006
10940.000 0.006
10950.000 0.007
10960.000 0.008
10970.000 0.008
10980.000 0.009
10990.000 0.008
11000.000 0.006
11010.000 0.005
11020.000 0.004
11030.000 0.005
11040.000 0.004
11050.000 0.004
11060.000 0.004
11070.000 0.005
11080.000 0.005
11090.000 0.006
11100.000 0.006
11110.000 0.006
11120.000 0.004
11130.000 0.004
11140.000 0.002
11150.000 0.003
11160.000 0.002
11170.000 0.002
11180.000 0.001
11190.000 0.001
11200.000 0.001
11210.000 0.001
11220.000 0.001
11230.000 0.001
11240.000 0.001
11250.000 0.002
11260.000 0.001
11270.000 0.002
11280.000 0.002
11290.000 0.002
11300.000 0.001
11310.000 0.002
11320.000 0.001
11330.000 0.002
11340.000 0.001
11350.000 0.002
11360.000 0.001
11370.000 0.002
11380.000 0.001
11390.000 0.002
11400.000 0.002
11410.000 0.002
11420.000 0.002
11430.000 0.002
11440.000 0.001
11450.000 0.002
11460.000 0.002
11470.000 0.002
11480.000 0.002
11490.000 0.002
11500.000 0.002
11510.000 0.002
11520.000 0.002
11530.000 0.001
11540.000 0.002
11550.000 0.001
11560.000 0.001
11570.000 0.002
11580.000 0.002
11590.000 0.001
11600.000 0.002
11610.000 0.002
11620.000 0.002
11630.000 0.002
11640.000 0.002
11650.000 0.001
11660.000 0.002
11670.000 0.002
11680.000 0.002
11690.000 0.001
11700.000 0.002
11710.000 0.002
11720.000 0.002
11730.000 0.002
11740.000 0.002
11750.000 0.002
11760.000 0.002
11770.000 0.002
11780.000 0.002
11790.000 0.001
11800.000 0.002
11810.000 0.002
11820.000 0.002
11830.000 0.002
11840.000 0.002
11850.000 0.002
11860.000 0.002
11870.000 0.002
11880.000 0.002
11890.000 0.002
11900.000 0.001
11910.000 0.002
11920.000 0.002
11930.000 0.002
11940.000 0.002
11950.000 0.002
11960.000 0.002
11970.000 0.002
11980.000 0.001
11990.000 0.001
12000.000 0.002
