10.000 0.090
20.000 0.578
30.000 0.195
40.000 0.353
50.000 0.139
60.000 0.167
70.000 0.126
80.000 0.158
90.000 0.079
100.000 0.060
110.000 0.094
120.000 0.069
130.000 0.100
140.000 0.072
150.000 0.042
160.000 0.121
170.000 0.053
180.000 0.067
190.000 0.061
200.000 0.050
210.000 0.046
220.000 0.047
230.000 0.058
240.000 0.040
250.000 0.049
260.000 0.034
270.000 0.034
280.000 0.051
290.000 0.032
300.000 0.044
310.000 0.054
320.000 0.046
330.000 0.068
340.000 0.085
350.000 0.083
360.000 0.057
370.000 0.071
380.000 0.074
390.000 0.046
400.000 0.049
410.000 0.044
420.000 0.030
430.000 0.038
440.000 0.135
450.000 0.047
460.000 0.039
470.000 0.036
480.000 0.096
490.000 0.116
500.000 0.380
510.000 0.157
520.000 0.159
530.000 0.237
540.000 0.249
550.000 0.220
560.000 0.243
570.000 0.249
580.000 0.220
590.000 0.205
600.000 0.181
610.000 0.149
620.000 0.139
630.000 0.125
640.000 0.117
650.000 0.152
660.000 0.109
670.000 0.095
680.000 0.061
690.000 0.064
700.000 0.057
710.000 0.053
720.000 0.033
730.000 0.030
740.000 0.027
750.000 0.027
760.000 0.025
770.000 0.023
780.000 0.022
790.000 0.022
800.000 0.032
810.000 0.053
820.000 0.019
830.000 0.019
840.000 0.022
850.000 0.017
860.000 0.016
870.000 0.014
880.000 0.016
890.000 0.017
900.000 0.018
910.000 0.018
920.000 0.017
930.000 0.017
940.000 0.018
950.000 0.016
960.000 0.016
970.000 0.015
980.000 0.015
990.000 0.014
1000.000 0.015
1010.000 0.017
1020.000 0.016
1030.000 0.015
1040.000 0.015
1050.000 0.016
1060.000 0.015
1070.000 0.017
1080.000 0.017
1090.000 0.016
1100.000 0.017
1110.000 0.017
1120.000 0.016
1130.000 0.017
1140.000 0.017
1150.000 0.018
1160.000 0.017
1170.000 0.017
1180.000 0.017
1190.000 0.019
1200.000 0.017
1210.000 0.017
1220.000 0.018
1230.000 0.018
1240.000 0.018
1250.000 0.018
1260.000 0.018
1270.000 0.017
1280.000 0.016
1290.000 0.017
1300.000 0.018
1310.000 0.018
1320.000 0.021
1330.000 0.022
1340.000 0.026
1350.000 0.025
1360.000 0.027
1370.000 0.028
1380.000 0.028
1390.000 0.028
1400.000 0.033
1410.000 0.030
1420.000 0.035
1430.000 0.036
1440.000 0.038
1450.000 0.041
1460.000 0.044
1470.000 0.056
1480.000 0.050
1490.000 0.052
1500.000 0.055
1510.000 0.096
1520.000 0.068
1530.000 0.070
1540.000 0.078
1550.000 0.085
1560.000 0.103
1570.000 0.102
1580.000 0.116
1590.000 0.146
1600.000 0.158
1610.000 0.179
1620.000 0.128
1630.000 0.219
1640.000 0.298
1650.000 0.303
1660.000 0.230
1670.000 0.261
1680.000 0.173
1690.000 0.152
1700.000 0.150
1710.000 0.123
1720.000 0.123
1730.000 0.117
1740.000 0.103
1750.000 0.097
1760.000 0.094
1770.000 0.089
1780.000 0.090
1790.000 0.081
1800.000 0.079
1810.000 0.078
1820.000 0.075
1830.000 0.075
1840.000 0.072
1850.000 0.070
1860.000 0.070
1870.000 0.069
1880.000 0.069
1890.000 0.068
1900.000 0.068
1910.000 0.066
1920.000 0.066
1930.000 0.066
1940.000 0.066
1950.000 0.066
1960.000 0.065
1970.000 0.066
1980.000 0.065
1990.000 0.066
2000.000 0.065
2010.000 0.065
2020.000 0.065
2030.000 0.064
2040.000 0.065
2050.000 0.065
2060.000 0.065
2070.000 0.065
2080.000 0.066
2090.000 0.065
2100.000 0.066
2110.000 0.064
2120.000 0.065
2130.000 0.065
2140.000 0.064
2150.000 0.065
2160.000 0.065
2170.000 0.063
2180.000 0.063
2190.000 0.063
2200.000 0.061
2210.000 0.060
2220.000 0.059
2230.000 0.059
2240.000 0.056
2250.000 0.055
2260.000 0.054
2270.000 0.052
2280.000 0.053
2290.000 0.050
2300.000 0.048
2310.000 0.048
2320.000 0.046
2330.000 0.045
2340.000 0.043
2350.000 0.043
2360.000 0.042
2370.000 0.041
2380.000 0.040
2390.000 0.038
2400.000 0.037
2410.000 0.037
2420.000 0.036
2430.000 0.036
2440.000 0.034
2450.000 0.034
2460.000 0.034
2470.000 0.033
2480.000 0.032
2490.000 0.032
2500.000 0.031
2510.000 0.030
2520.000 0.030
2530.000 0.030
2540.000 0.029
2550.000 0.029
2560.000 0.029
2570.000 0.028
2580.000 0.028
2590.000 0.027
2600.000 0.027
2610.000 0.027
2620.000 0.026
2630.000 0.026
2640.000 0.027
2650.000 0.026
2660.000 0.026
2670.000 0.026
2680.000 0.026
2690.000 0.026
2700.000 0.025
2710.000 0.027
2720.000 0.025
2730.000 0.025
2740.000 0.026
2750.000 0.025
2760.000 0.025
2770.000 0.026
2780.000 0.025
2790.000 0.026
2800.000 0.025
2810.000 0.025
2820.000 0.026
2830.000 0.025
2840.000 0.025
2850.000 0.025
2860.000 0.024
2870.000 0.025
2880.000 0.025
2890.000 0.023
2900.000 0.023
2910.000 0.024
2920.000 0.025
2930.000 0.024
2940.000 0.024
2950.000 0.025
2960.000 0.025
2970.000 0.028
2980.000 0.026
2990.000 0.024
3000.000 0.028
3010.000 0.028
3020.000 0.027
3030.000 0.026
3040.000 0.027
3050.000 0.027
3060.000 0.040
3070.000 0.027
3080.000 0.031
3090.000 0.029
3100.000 0.028
3110.000 0.032
3120.000 0.034
3130.000 0.033
3140.000 0.034
3150.000 0.032
3160.000 0.033
3170.000 0.035
3180.000 0.035
3190.000 0.036
3200.000 0.037
3210.000 0.037
3220.000 0.040
3230.000 0.040
3240.000 0.042
3250.000 0.043
3260.000 0.045
3270.000 0.048
3280.000 0.049
3290.000 0.051
3300.000 0.053
3310.000 0.056
3320.000 0.059
3330.000 0.061
3340.000 0.066
3350.000 0.068
3360.000 0.075
3370.000 0.087
3380.000 0.096
3390.000 0.098
3400.000 0.109
3410.000 0.117
3420.000 0.134
3430.000 0.141
3440.000 0.165
3450.000 0.180
3460.000 0.218
3470.000 0.251
3480.000 0.264
3490.000 0.264
3500.000 0.279
3510.000 0.230
3520.000 0.201
3530.000 0.180
3540.000 0.153
3550.000 0.141
3560.000 0.121
3570.000 0.107
3580.000 0.100
3590.000 0.088
3600.000 0.084
3610.000 0.077
3620.000 0.071
3630.000 0.069
3640.000 0.063
3650.000 0.062
3660.000 0.058
3670.000 0.054
3680.000 0.054
3690.000 0.050
3700.000 0.049
3710.000 0.046
3720.000 0.044
3730.000 0.043
3740.000 0.042
3750.000 0.041
3760.000 0.039
3770.000 0.038
3780.000 0.038
3790.000 0.036
3800.000 0.038
3810.000 0.034
3820.000 0.035
3830.000 0.033
3840.000 0.034
3850.000 0.030
3860.000 0.033
3870.000 0.033
3880.000 0.032
3890.000 0.031
3900.000 0.030
3910.000 0.030
3920.000 0.030
3930.000 0.029
3940.000 0.028
3950.000 0.029
3960.000 0.028
3970.000 0.029
3980.000 0.029
3990.000 0.028
4000.000 0.028
4010.000 0.028
4020.000 0.028
4030.000 0.028
4040.000 0.028
4050.000 0.028
4060.000 0.029
4070.000 0.028
4080.000 0.029
4090.000 0.029
4100.000 0.029
4110.000 0.030
4120.000 0.030
4130.000 0.030
4140.000 0.031
4150.000 0.031
4160.000 0.032
4170.000 0.032
4180.000 0.031
4190.000 0.034
4200.000 0.033
4210.000 0.035
4220.000 0.036
4230.000 0.038
4240.000 0.039
4250.000 0.039
4260.000 0.040
4270.000 0.042
4280.000 0.042
4290.000 0.045
4300.000 0.046
4310.000 0.048
4320.000 0.049
4330.000 0.052
4340.000 0.056
4350.000 0.052
4360.000 0.057
4370.000 0.059
4380.000 0.061
4390.000 0.064
4400.000 0.067
4410.000 0.074
4420.000 0.078
4430.000 0.087
4440.000 0.098
4450.000 0.104
4460.000 0.113
4470.000 0.116
4480.000 0.099
4490.000 0.103
4500.000 0.098
4510.000 0.045
4520.000 0.073
4530.000 0.066
4540.000 0.066
4550.000 0.054
4560.000 0.057
4570.000 0.055
4580.000 0.052
4590.000 0.048
4600.000 0.047
4610.000 0.046
4620.000 0.045
4630.000 0.044
4640.000 0.042
4650.000 0.042
4660.000 0.041
4670.000 0.041
4680.000 0.039
4690.000 0.038
4700.000 0.039
4710.000 0.037
4720.000 0.038
4730.000 0.036
4740.000 0.035
4750.000 0.035
4760.000 0.033
4770.000 0.033
4780.000 0.032
4790.000 0.037
4800.000 0.029
4810.000 0.028
4820.000 0.029
4830.000 0.026
4840.000 0.024
4850.000 0.025
4860.000 0.024
4870.000 0.023
4880.000 0.022
4890.000 0.021
4900.000 0.021
4910.000 0.019
4920.000 0.019
4930.000 0.019
4940.000 0.017
4950.000 0.019
4960.000 0.017
4970.000 0.016
4980.000 0.015
4990.000 0.016
5000.000 0.015
5010.000 0.027
5020.000 0.019
5030.000 0.017
5040.000 0.012
5050.000 0.015
5060.000 0.014
5070.000 0.013
5080.000 0.012
5090.000 0.012
5100.000 0.012
5110.000 0.011
5120.000 0.011
5130.000 0.011
5140.000 0.012
5150.000 0.011
5160.000 0.011
5170.000 0.011
5180.000 0.010
5190.000 0.010
5200.000 0.011
5210.000 0.009
5220.000 0.010
5230.000 0.010
5240.000 0.010
5250.000 0.009
5260.000 0.009
5270.000 0.009
5280.000 0.009
5290.000 0.009
5300.000 0.008
5310.000 0.009
5320.000 0.009
5330.000 0.008
5340.000 0.009
5350.000 0.008
5360.000 0.010
5370.000 0.009
5380.000 0.009
5390.000 0.009
5400.000 0.008
5410.000 0.008
5420.000 0.008
5430.000 0.008
5440.000 0.008
5450.000 0.008
5460.000 0.008
5470.000 0.008
5480.000 0.007
5490.000 0.008
5500.000 0.008
5510.000 0.007
5520.000 0.007
5530.000 0.007
5540.000 0.007
5550.000 0.007
5560.000 0.007
5570.000 0.007
5580.000 0.007
5590.000 0.008
5600.000 0.007
5610.000 0.007
5620.000 0.007
5630.000 0.008
5640.000 0.007
5650.000 0.007
5660.000 0.007
5670.000 0.007
5680.000 0.007
5690.000 0.007
5700.000 0.007
5710.000 0.007
5720.000 0.007
5730.000 0.008
5740.000 0.007
5750.000 0.008
5760.000 0.008
5770.000 0.008
5780.000 0.008
5790.000 0.008
5800.000 0.008
5810.000 0.008
5820.000 0.007
5830.000 0.007
5840.000 0.008
5850.000 0.008
5860.000 0.008
5870.000 0.008
5880.000 0.008
5890.000 0.008
5900.000 0.007
5910.000 0.008
5920.000 0.008
5930.000 0.008
5940.000 0.008
5950.000 0.008
5960.000 0.008
5970.000 0.008
5980.000 0.008
5990.000 0.009
6000.000 0.009
6010.000 0.008
6020.000 0.009
6030.000 0.009
6040.000 0.009
6050.000 0.010
6060.000 0.010
6070.000 0.010
6080.000 0.010
6090.000 0.010
6100.000 0.010
6110.000 0.010
6120.000 0.010
6130.000 0.011
6140.000 0.011
6150.000 0.011
6160.000 0.011
6170.000 0.011
6180.000 0.011
6190.000 0.011
6200.000 0.011
6210.000 0.012
6220.000 0.012
6230.000 0.012
6240.000 0.011
6250.000 0.013
6260.000 0.012
6270.000 0.013
6280.000 0.012
6290.000 0.013
6300.000 0.012
6310.000 0.013
6320.000 0.013
6330.000 0.013
6340.000 0.014
6350.000 0.014
6360.000 0.014
6370.000 0.015
6380.000 0.015
6390.000 0.015
6400.000 0.017
6410.000 0.016
6420.000 0.016
6430.000 0.016
6440.000 0.018
6450.000 0.019
6460.000 0.019
6470.000 0.020
6480.000 0.021
6490.000 0.021
6500.000 0.022
6510.000 0.023
6520.000 0.023
6530.000 0.024
6540.000 0.024
6550.000 0.026
6560.000 0.026
6570.000 0.027
6580.000 0.027
6590.000 0.027
6600.000 0.028
6610.000 0.029
6620.000 0.029
6630.000 0.030
6640.000 0.031
6650.000 0.033
6660.000 0.033
6670.000 0.034
6680.000 0.033
6690.000 0.034
6700.000 0.034
6710.000 0.034
6720.000 0.035
6730.000 0.036
6740.000 0.037
6750.000 0.037
6760.000 0.037
6770.000 0.037
6780.000 0.036
6790.000 0.036
6800.000 0.035
6810.000 0.034
6820.000 0.034
6830.000 0.033
6840.000 0.032
6850.000 0.032
6860.000 0.031
6870.000 0.031
6880.000 0.030
6890.000 0.030
6900.000 0.029
6910.000 0.029
6920.000 0.028
6930.000 0.027
6940.000 0.027
6950.000 0.027
6960.000 0.027
6970.000 0.026
6980.000 0.027
6990.000 0.026
7000.000 0.026
7010.000 0.026
7020.000 0.025
7030.000 0.025
7040.000 0.025
7050.000 0.025
7060.000 0.025
7070.000 0.025
7080.000 0.025
7090.000 0.024
7100.000 0.025
7110.000 0.025
7120.000 0.024
7130.000 0.024
7140.000 0.025
7150.000 0.024
7160.000 0.024
7170.000 0.024
7180.000 0.024
7190.000 0.024
7200.000 0.024
7210.000 0.024
7220.000 0.025
7230.000 0.025
7240.000 0.024
7250.000 0.024
7260.000 0.024
7270.000 0.025
7280.000 0.025
7290.000 0.025
7300.000 0.025
7310.000 0.025
7320.000 0.026
7330.000 0.026
7340.000 0.026
7350.000 0.026
7360.000 0.027
7370.000 0.027
7380.000 0.027
7390.000 0.027
7400.000 0.028
7410.000 0.028
7420.000 0.029
7430.000 0.029
7440.000 0.030
7450.000 0.031
7460.000 0.032
7470.000 0.033
7480.000 0.034
7490.000 0.036
7500.000 0.037
7510.000 0.038
7520.000 0.040
7530.000 0.041
7540.000 0.043
7550.000 0.045
7560.000 0.047
7570.000 0.047
7580.000 0.049
7590.000 0.049
7600.000 0.050
7610.000 0.049
7620.000 0.047
7630.000 0.046
7640.000 0.044
7650.000 0.041
7660.000 0.039
7670.000 0.037
7680.000 0.034
7690.000 0.033
7700.000 0.030
7710.000 0.029
7720.000 0.027
7730.000 0.026
7740.000 0.025
7750.000 0.023
7760.000 0.022
7770.000 0.021
7780.000 0.021
7790.000 0.019
7800.000 0.018
7810.000 0.017
7820.000 0.016
7830.000 0.016
7840.000 0.015
7850.000 0.014
7860.000 0.015
7870.000 0.013
7880.000 0.013
7890.000 0.012
7900.000 0.012
7910.000 0.011
7920.000 0.010
7930.000 0.010
7940.000 0.010
7950.000 0.010
7960.000 0.010
7970.000 0.009
7980.000 0.009
7990.000 0.009
8000.000 0.008
8010.000 0.008
8020.000 0.008
8030.000 0.008
8040.000 0.007
8050.000 0.007
8060.000 0.007
8070.000 0.007
8080.000 0.007
8090.000 0.007
8100.000 0.006
8110.000 0.006
8120.000 0.006
8130.000 0.006
8140.000 0.006
8150.000 0.005
8160.000 0.006
8170.000 0.006
8180.000 0.006
8190.000 0.005
8200.000 0.005
8210.000 0.005
8220.000 0.005
8230.000 0.005
8240.000 0.005
8250.000 0.005
8260.000 0.005
8270.000 0.005
8280.000 0.004
8290.000 0.004
8300.000 0.004
8310.000 0.005
8320.000 0.004
8330.000 0.004
8340.000 0.004
8350.000 0.004
8360.000 0.004
8370.000 0.004
8380.000 0.004
8390.000 0.004
8400.000 0.003
8410.000 0.004
8420.000 0.004
8430.000 0.004
8440.000 0.004
8450.000 0.004
8460.000 0.004
8470.000 0.004
8480.000 0.004
8490.000 0.003
8500.000 0.004
8510.000 0.003
8520.000 0.004
8530.000 0.003
8540.000 0.004
8550.000 0.003
8560.000 0.003
8570.000 0.004
8580.000 0.003
8590.000 0.003
8600.000 0.004
8610.000 0.003
8620.000 0.003
8630.000 0.004
8640.000 0.003
8650.000 0.004
8660.000 0.004
8670.000 0.003
8680.000 0.002
8690.000 0.003
8700.000 0.003
8710.000 0.003
8720.000 0.003
8730.000 0.003
8740.000 0.003
8750.000 0.003
8760.000 0.004
8770.000 0.003
8780.000 0.003
8790.000 0.003
8800.000 0.003
8810.000 0.003
8820.000 0.003
8830.000 0.003
8840.000 0.003
8850.000 0.003
8860.000 0.003
8870.000 0.003
8880.000 0.003
8890.000 0.002
8900.000 0.003
8910.000 0.003
8920.000 0.003
8930.000 0.003
8940.000 0.003
8950.000 0.003
8960.000 0.003
8970.000 0.003
8980.000 0.003
8990.000 0.003
9000.000 0.003
9010.000 0.003
9020.000 0.004
9030.000 0.003
9040.000 0.003
9050.000 0.003
9060.000 0.003
9070.000 0.003
9080.000 0.003
9090.000 0.003
9100.000 0.003
9110.000 0.003
9120.000 0.004
9130.000 0.003
9140.000 0.003
9150.000 0.004
9160.000 0.003
9170.000 0.004
9180.000 0.004
9190.000 0.004
9200.000 0.004
9210.000 0.004
9220.000 0.004
9230.000 0.004
9240.000 0.004
9250.000 0.004
9260.000 0.004
9270.000 0.004
9280.000 0.004
9290.000 0.004
9300.000 0.004
9310.000 0.003
9320.000 0.003
9330.000 0.004
9340.000 0.003
9350.000 0.004
9360.000 0.004
9370.000 0.004
9380.000 0.005
9390.000 0.004
9400.000 0.004
9410.000 0.004
9420.000 0.005
9430.000 0.004
9440.000 0.004
9450.000 0.004
9460.000 0.005
9470.000 0.004
9480.000 0.005
9490.000 0.005
9500.000 0.005
9510.000 0.005
9520.000 0.005
9530.000 0.005
9540.000 0.005
9550.000 0.005
9560.000 0.005
9570.000 0.006
9580.000 0.005
9590.000 0.005
9600.000 0.006
9610.000 0.006
9620.000 0.007
9630.000 0.006
9640.000 0.006
9650.000 0.007
9660.000 0.007
9670.000 0.007
9680.000 0.007
9690.000 0.008
9700.000 0.008
9710.000 0.008
9720.000 0.009
9730.000 0.009
9740.000 0.009
9750.000 0.009
9760.000 0.010
9770.000 0.010
9780.000 0.010
9790.000 0.011
9800.000 0.011
9810.000 0.013
9820.000 0.013
9830.000 0.014
9840.000 0.015
9850.000 0.015
9860.000 0.017
9870.000 0.018
9880.000 0.019
9890.000 0.021
9900.000 0.022
9910.000 0.024
9920.000 0.026
9930.000 0.029
9940.000 0.034
9950.000 0.035
9960.000 0.042
9970.000 0.045
9980.000 0.054
9990.000 0.063
10000.000 0.069
10010.000 0.077
10020.000 0.079
10030.000 0.076
10040.000 0.068
10050.000 0.063
10060.000 0.053
10070.000 0.050
10080.000 0.044
10090.000 0.038
10100.000 0.036
10110.000 0.032
10120.000 0.031
10130.000 0.028
10140.000 0.026
10150.000 0.024
10160.000 0.023
10170.000 0.023
10180.000 0.021
10190.000 0.020
10200.000 0.019
10210.000 0.018
10220.000 0.018
10230.000 0.017
10240.000 0.017
10250.000 0.017
10260.000 0.017
10270.000 0.016
10280.000 0.016
10290.000 0.015
10300.000 0.015
10310.000 0.014
10320.000 0.015
10330.000 0.015
10340.000 0.014
10350.000 0.015
10360.000 0.014
10370.000 0.015
10380.000 0.014
10390.000 0.014
10400.000 0.014
10410.000 0.014
10420.000 0.014
10430.000 0.014
10440.000 0.015
10450.000 0.015
10460.000 0.015
10470.000 0.016
10480.000 0.016
10490.000 0.016
10500.000 0.017
10510.000 0.017
10520.000 0.017
10530.000 0.018
10540.000 0.019
10550.000 0.019
10560.000 0.020
10570.000 0.021
10580.000 0.023
10590.000 0.023
10600.000 0.025
10610.000 0.028
10620.000 0.029
10630.000 0.031
10640.000 0.032
10650.000 0.034
10660.000 0.036
10670.000 0.038
10680.000 0.042
10690.000 0.044
10700.000 0.047
10710.000 0.046
10720.000 0.044
10730.000 0.040
10740.000 0.036
10750.000 0.031
10760.000 0.026
10770.000 0.025
10780.000 0.021
10790.000 0.020
10800.000 0.017
10810.000 0.016
10820.000 0.015
10830.000 0.014
10840.000 0.013
10850.000 0.012
10860.000 0.012
10870.000 0.011
10880.000 0.010
10890.000 0.010
10900.000 0.010
10910.000 0.009
10920.000 0.008
10930.000 0.008
10940.000 0.008
10950.000 0.007
10960.000 0.007
10970.000 0.007
10980.000 0.006
10990.000 0.006
11000.000 0.005
11010.000 0.006
11020.000 0.005
11030.000 0.005
11040.000 0.005
11050.000 0.004
11060.000 0.004
11070.000 0.004
11080.000 0.004
11090.000 0.004
11100.000 0.004
11110.000 0.004
11120.000 0.004
11130.000 0.004
11140.000 0.004
11150.000 0.003
11160.000 0.004
11170.000 0.003
11180.000 0.004
11190.000 0.003
11200.000 0.003
11210.000 0.003
11220.000 0.003
11230.000 0.003
11240.000 0.003
11250.000 0.003
11260.000 0.003
11270.000 0.003
11280.000 0.003
11290.000 0.003
11300.000 0.003
11310.000 0.002
11320.000 0.003
11330.000 0.002
11340.000 0.003
11350.000 0.002
11360.000 0.003
11370.000 0.003
11380.000 0.003
11390.000 0.003
11400.000 0.003
11410.000 0.002
11420.000 0.003
11430.000 0.003
11440.000 0.002
11450.000 0.003
11460.000 0.002
11470.000 0.002
11480.000 0.002
11490.000 0.002
11500.000 0.002
11510.000 0.002
11520.000 0.002
11530.000 0.002
11540.000 0.003
11550.000 0.002
11560.000 0.003
11570.000 0.002
11580.000 0.003
11590.000 0.002
11600.000 0.002
11610.000 0.002
11620.000 0.003
11630.000 0.002
11640.000 0.002
11650.000 0.003
11660.000 0.002
11670.000 0.003
11680.000 0.002
11690.000 0.002
11700.000 0.002
11710.000 0.002
11720.000 0.002
11730.000 0.002
11740.000 0.002
11750.000 0.002
11760.000 0.003
11770.000 0.002
11780.000 0.002
11790.000 0.002
11800.000 0.002
11810.000 0.002
11820.000 0.003
11830.000 0.002
11840.000 0.002
11850.000 0.003
11860.000 0.002
11870.000 0.002
11880.000 0.002
11890.000 0.003
11900.000 0.002
11910.000 0.003
11920.000 0.002
11930.000 0.003
11940.000 0.002
11950.000 0.003
11960.000 0.003
11970.000 0.003
11980.000 0.002
11990.000 0.002
