10.000 0.028
20.000 0.296
30.000 0.620
40.000 0.170
50.000 0.198
60.000 0.154
70.000 0.137
80.000 0.154
90.000 0.101
100.000 0.076
110.000 0.071
120.000 0.086
130.000 0.051
140.000 0.069
150.000 0.068
160.000 0.066
170.000 0.057
180.000 0.058
190.000 0.037
200.000 0.035
210.000 0.035
220.000 0.043
230.000 0.050
240.000 0.054
250.000 0.038
260.000 0.043
270.000 0.029
280.000 0.038
290.000 0.046
300.000 0.035
310.000 0.038
320.000 0.032
330.000 0.037
340.000 0.053
350.000 0.050
360.000 0.051
370.000 0.076
380.000 0.077
390.000 0.108
400.000 0.123
410.000 0.119
420.000 0.090
430.000 0.080
440.000 0.074
450.000 0.060
460.000 0.045
470.000 0.057
480.000 0.052
490.000 0.056
500.000 0.038
510.000 0.089
520.000 0.041
530.000 0.043
540.000 0.037
550.000 0.040
560.000 0.042
570.000 0.045
580.000 0.042
590.000 0.039
600.000 0.041
610.000 0.041
620.000 0.042
630.000 0.029
640.000 0.037
650.000 0.033
660.000 0.039
670.000 0.041
680.000 0.025
690.000 0.027
700.000 0.035
710.000 0.028
720.000 0.031
730.000 0.036
740.000 0.037
750.000 0.040
760.000 0.072
770.000 0.064
780.000 0.077
790.000 0.075
800.000 0.060
810.000 0.037
820.000 0.031
830.000 0.030
840.000 0.021
850.000 0.020
860.000 0.017
870.000 0.018
880.000 0.023
890.000 0.022
900.000 0.022
910.000 0.017
920.000 0.019
930.000 0.017
940.000 0.016
950.000 0.017
960.000 0.015
970.000 0.017
980.000 0.016
990.000 0.016
1000.000 0.016
1010.000 0.016
1020.000 0.017
1030.000 0.016
1040.000 0.017
1050.000 0.019
1060.000 0.018
1070.000 0.020
1080.000 0.022
1090.000 0.022
1100.000 0.026
1110.000 0.031
1120.000 0.040
1130.000 0.041
1140.000 0.050
1150.000 0.070
1160.000 0.086
1170.000 0.062
1180.000 0.045
1190.000 0.038
1200.000 0.024
1210.000 0.018
1220.000 0.015
1230.000 0.012
1240.000 0.012
1250.000 0.009
1260.000 0.008
1270.000 0.008
1280.000 0.008
1290.000 0.009
1300.000 0.008
1310.000 0.010
1320.000 0.011
1330.000 0.011
1340.000 0.012
1350.000 0.012
1360.000 0.013
1370.000 0.012
1380.000 0.013
1390.000 0.013
1400.000 0.014
1410.000 0.016
1420.000 0.016
1430.000 0.018
1440.000 0.020
1450.000 0.020
1460.000 0.026
1470.000 0.028
1480.000 0.035
1490.000 0.045
1500.000 0.054
1510.000 0.076
1520.000 0.094
1530.000 0.147
1540.000 0.182
1550.000 0.160
1560.000 0.100
1570.000 0.085
1580.000 0.067
1590.000 0.061
1600.000 0.052
1610.000 0.046
1620.000 0.044
1630.000 0.041
1640.000 0.039
1650.000 0.038
1660.000 0.037
1670.000 0.037
1680.000 0.036
1690.000 0.036
1700.000 0.036
1710.000 0.036
1720.000 0.038
1730.000 0.039
1740.000 0.038
1750.000 0.041
1760.000 0.045
1770.000 0.044
1780.000 0.048
1790.000 0.051
1800.000 0.057
1810.000 0.062
1820.000 0.065
1830.000 0.075
1840.000 0.080
1850.000 0.095
1860.000 0.116
1870.000 0.131
1880.000 0.166
1890.000 0.190
1900.000 0.250
1910.000 0.302
1920.000 0.305
1930.000 0.256
1940.000 0.197
1950.000 0.176
1960.000 0.147
1970.000 0.137
1980.000 0.117
1990.000 0.113
2000.000 0.101
2010.000 0.094
2020.000 0.090
2030.000 0.086
2040.000 0.083
2050.000 0.081
2060.000 0.079
2070.000 0.078
2080.000 0.076
2090.000 0.075
2100.000 0.075
2110.000 0.075
2120.000 0.075
2130.000 0.075
2140.000 0.076
2150.000 0.077
2160.000 0.078
2170.000 0.079
2180.000 0.083
2190.000 0.086
2200.000 0.088
2210.000 0.094
2220.000 0.097
2230.000 0.105
2240.000 0.111
2250.000 0.123
2260.000 0.141
2270.000 0.152
2280.000 0.183
2290.000 0.203
2300.000 0.253
2310.000 0.278
2320.000 0.312
2330.000 0.279
2340.000 0.246
2350.000 0.184
2360.000 0.161
2370.000 0.127
2380.000 0.105
2390.000 0.089
2400.000 0.083
2410.000 0.073
2420.000 0.068
2430.000 0.062
2440.000 0.059
2450.000 0.055
2460.000 0.053
2470.000 0.049
2480.000 0.047
2490.000 0.046
2500.000 0.045
2510.000 0.044
2520.000 0.043
2530.000 0.043
2540.000 0.044
2550.000 0.044
2560.000 0.045
2570.000 0.046
2580.000 0.048
2590.000 0.049
2600.000 0.053
2610.000 0.058
2620.000 0.061
2630.000 0.070
2640.000 0.076
2650.000 0.092
2660.000 0.119
2670.000 0.138
2680.000 0.162
2690.000 0.232
2700.000 0.280
2710.000 0.251
2720.000 0.153
2730.000 0.105
2740.000 0.091
2750.000 0.071
2760.000 0.064
2770.000 0.055
2780.000 0.047
2790.000 0.045
2800.000 0.040
2810.000 0.039
2820.000 0.035
2830.000 0.033
2840.000 0.032
2850.000 0.031
2860.000 0.030
2870.000 0.030
2880.000 0.029
2890.000 0.029
2900.000 0.029
2910.000 0.029
2920.000 0.030
2930.000 0.030
2940.000 0.031
2950.000 0.032
2960.000 0.034
2970.000 0.035
2980.000 0.039
2990.000 0.040
3000.000 0.045
3010.000 0.053
3020.000 0.057
3030.000 0.071
3040.000 0.080
3050.000 0.110
3060.000 0.132
3070.000 0.199
3080.000 0.236
3090.000 0.196
3100.000 0.111
3110.000 0.091
3120.000 0.066
3130.000 0.053
3140.000 0.047
3150.000 0.040
3160.000 0.035
3170.000 0.033
3180.000 0.030
3190.000 0.028
3200.000 0.027
3210.000 0.025
3220.000 0.024
3230.000 0.023
3240.000 0.023
3250.000 0.022
3260.000 0.022
3270.000 0.021
3280.000 0.022
3290.000 0.022
3300.000 0.022
3310.000 0.023
3320.000 0.023
3330.000 0.023
3340.000 0.025
3350.000 0.027
3360.000 0.029
3370.000 0.032
3380.000 0.034
3390.000 0.039
3400.000 0.047
3410.000 0.053
3420.000 0.070
3430.000 0.099
3440.000 0.123
3450.000 0.180
3460.000 0.166
3470.000 0.119
3480.000 0.091
3490.000 0.062
3500.000 0.048
3510.000 0.043
3520.000 0.036
3530.000 0.034
3540.000 0.029
3550.000 0.026
3560.000 0.025
3570.000 0.023
3580.000 0.022
3590.000 0.021
3600.000 0.019
3610.000 0.020
3620.000 0.019
3630.000 0.018
3640.000 0.018
3650.000 0.018
3660.000 0.018
3670.000 0.018
3680.000 0.019
3690.000 0.019
3700.000 0.020
3710.000 0.021
3720.000 0.022
3730.000 0.023
3740.000 0.025
3750.000 0.027
3760.000 0.028
3770.000 0.033
3780.000 0.035
3790.000 0.043
3800.000 0.055
3810.000 0.064
3820.000 0.094
3830.000 0.147
3840.000 0.168
3850.000 0.160
3860.000 0.085
3870.000 0.056
3880.000 0.047
3890.000 0.037
3900.000 0.033
3910.000 0.028
3920.000 0.024
3930.000 0.023
3940.000 0.020
3950.000 0.020
3960.000 0.018
3970.000 0.017
3980.000 0.017
3990.000 0.016
4000.000 0.015
4010.000 0.015
4020.000 0.015
4030.000 0.015
4040.000 0.015
4050.000 0.015
4060.000 0.015
4070.000 0.015
4080.000 0.016
4090.000 0.017
4100.000 0.017
4110.000 0.018
4120.000 0.019
4130.000 0.021
4140.000 0.024
4150.000 0.026
4160.000 0.030
4170.000 0.037
4180.000 0.042
4190.000 0.057
4200.000 0.069
4210.000 0.106
4220.000 0.148
4230.000 0.141
4240.000 0.077
4250.000 0.062
4260.000 0.044
4270.000 0.035
4280.000 0.032
4290.000 0.027
4300.000 0.025
4310.000 0.021
4320.000 0.019
4330.000 0.018
4340.000 0.017
4350.000 0.016
4360.000 0.014
4370.000 0.013
4380.000 0.013
4390.000 0.012
4400.000 0.012
4410.000 0.011
4420.000 0.011
4430.000 0.011
4440.000 0.011
4450.000 0.012
4460.000 0.012
4470.000 0.012
4480.000 0.013
4490.000 0.014
4500.000 0.015
4510.000 0.017
4520.000 0.019
4530.000 0.021
4540.000 0.025
4550.000 0.029
4560.000 0.037
4570.000 0.053
4580.000 0.065
4590.000 0.103
4600.000 0.127
4610.000 0.138
4620.000 0.082
4630.000 0.068
4640.000 0.052
4650.000 0.047
4660.000 0.040
4670.000 0.036
4680.000 0.033
4690.000 0.031
4700.000 0.029
4710.000 0.028
4720.000 0.027
4730.000 0.026
4740.000 0.025
4750.000 0.025
4760.000 0.025
4770.000 0.024
4780.000 0.023
4790.000 0.023
4800.000 0.024
4810.000 0.023
4820.000 0.023
4830.000 0.024
4840.000 0.024
4850.000 0.025
4860.000 0.025
4870.000 0.027
4880.000 0.028
4890.000 0.031
4900.000 0.032
4910.000 0.036
4920.000 0.043
4930.000 0.046
4940.000 0.057
4950.000 0.077
4960.000 0.092
4970.000 0.139
4980.000 0.168
4990.000 0.178
5000.000 0.097
5010.000 0.078
5020.000 0.063
5030.000 0.048
5040.000 0.038
5050.000 0.035
5060.000 0.030
5070.000 0.028
5080.000 0.025
5090.000 0.023
5100.000 0.022
5110.000 0.021
5120.000 0.020
5130.000 0.019
5140.000 0.018
5150.000 0.018
5160.000 0.018
5170.000 0.017
5180.000 0.018
5190.000 0.017
5200.000 0.017
5210.000 0.018
5220.000 0.018
5230.000 0.018
5240.000 0.019
5250.000 0.020
5260.000 0.021
5270.000 0.022
5280.000 0.024
5290.000 0.027
5300.000 0.029
5310.000 0.036
5320.000 0.039
5330.000 0.050
5340.000 0.069
5350.000 0.084
5360.000 0.126
5370.000 0.143
5380.000 0.107
5390.000 0.062
5400.000 0.043
5410.000 0.038
5420.000 0.030
5430.000 0.028
5440.000 0.024
5450.000 0.022
5460.000 0.020
5470.000 0.019
5480.000 0.017
5490.000 0.016
5500.000 0.015
5510.000 0.015
5520.000 0.014
5530.000 0.013
5540.000 0.014
5550.000 0.014
5560.000 0.013
5570.000 0.013
5580.000 0.014
5590.000 0.014
5600.000 0.014
5610.000 0.015
5620.000 0.016
5630.000 0.016
5640.000 0.018
5650.000 0.018
5660.000 0.020
5670.000 0.022
5680.000 0.025
5690.000 0.030
5700.000 0.033
5710.000 0.043
5720.000 0.051
5730.000 0.075
5740.000 0.111
5750.000 0.122
5760.000 0.088
5770.000 0.066
5780.000 0.046
5790.000 0.034
5800.000 0.031
5810.000 0.025
5820.000 0.024
5830.000 0.021
5840.000 0.018
5850.000 0.018
5860.000 0.016
5870.000 0.016
5880.000 0.015
5890.000 0.013
5900.000 0.015
5910.000 0.013
5920.000 0.013
5930.000 0.013
5940.000 0.013
5950.000 0.013
5960.000 0.013
5970.000 0.014
5980.000 0.013
5990.000 0.015
6000.000 0.015
6010.000 0.016
6020.000 0.016
6030.000 0.017
6040.000 0.019
6050.000 0.021
6060.000 0.024
6070.000 0.026
6080.000 0.031
6090.000 0.040
6100.000 0.047
6110.000 0.068
6120.000 0.099
6130.000 0.111
6140.000 0.085
6150.000 0.063
6160.000 0.042
6170.000 0.036
6180.000 0.029
6190.000 0.023
6200.000 0.021
6210.000 0.018
6220.000 0.017
6230.000 0.015
6240.000 0.015
6250.000 0.014
6260.000 0.012
6270.000 0.013
6280.000 0.012
6290.000 0.012
6300.000 0.012
6310.000 0.012
6320.000 0.011
6330.000 0.011
6340.000 0.011
6350.000 0.012
6360.000 0.012
6370.000 0.013
6380.000 0.013
6390.000 0.014
6400.000 0.014
6410.000 0.016
6420.000 0.017
6430.000 0.018
6440.000 0.021
6450.000 0.024
6460.000 0.029
6470.000 0.037
6480.000 0.042
6490.000 0.051
6500.000 0.075
6510.000 0.101
6520.000 0.099
6530.000 0.061
6540.000 0.048
6550.000 0.035
6560.000 0.027
6570.000 0.022
6580.000 0.021
6590.000 0.018
6600.000 0.017
6610.000 0.015
6620.000 0.015
6630.000 0.014
6640.000 0.014
6650.000 0.013
6660.000 0.013
6670.000 0.012
6680.000 0.012
6690.000 0.012
6700.000 0.012
6710.000 0.012
6720.000 0.012
6730.000 0.012
6740.000 0.012
6750.000 0.012
6760.000 0.014
6770.000 0.014
6780.000 0.015
6790.000 0.016
6800.000 0.017
6810.000 0.020
6820.000 0.022
6830.000 0.025
6840.000 0.028
6850.000 0.036
6860.000 0.049
6870.000 0.058
6880.000 0.082
6890.000 0.090
6900.000 0.068
6910.000 0.042
6920.000 0.035
6930.000 0.027
6940.000 0.024
6950.000 0.020
6960.000 0.016
6970.000 0.016
6980.000 0.014
6990.000 0.012
7000.000 0.013
7010.000 0.011
7020.000 0.011
7030.000 0.010
7040.000 0.009
7050.000 0.009
7060.000 0.009
7070.000 0.009
7080.000 0.009
7090.000 0.009
7100.000 0.009
7110.000 0.009
7120.000 0.009
7130.000 0.010
7140.000 0.010
7150.000 0.010
7160.000 0.011
7170.000 0.011
7180.000 0.012
7190.000 0.013
7200.000 0.015
7210.000 0.017
7220.000 0.019
7230.000 0.024
7240.000 0.026
7250.000 0.036
7260.000 0.052
7270.000 0.062
7280.000 0.070
7290.000 0.060
7300.000 0.038
7310.000 0.027
7320.000 0.024
7330.000 0.019
7340.000 0.016
7350.000 0.015
7360.000 0.013
7370.000 0.013
7380.000 0.012
7390.000 0.011
7400.000 0.010
7410.000 0.010
7420.000 0.009
7430.000 0.009
7440.000 0.009
7450.000 0.009
7460.000 0.009
7470.000 0.009
7480.000 0.009
7490.000 0.009
7500.000 0.010
7510.000 0.010
7520.000 0.009
7530.000 0.011
7540.000 0.011
7550.000 0.011
7560.000 0.012
7570.000 0.014
7580.000 0.014
7590.000 0.016
7600.000 0.019
7610.000 0.024
7620.000 0.026
7630.000 0.037
7640.000 0.043
7650.000 0.061
7660.000 0.068
7670.000 0.057
7680.000 0.036
7690.000 0.030
7700.000 0.023
7710.000 0.020
7720.000 0.017
7730.000 0.015
7740.000 0.013
7750.000 0.012
7760.000 0.011
7770.000 0.011
7780.000 0.010
7790.000 0.010
7800.000 0.009
7810.000 0.009
7820.000 0.009
7830.000 0.009
7840.000 0.009
7850.000 0.008
7860.000 0.008
7870.000 0.009
7880.000 0.009
7890.000 0.009
7900.000 0.009
7910.000 0.010
7920.000 0.010
7930.000 0.010
7940.000 0.011
7950.000 0.012
7960.000 0.012
7970.000 0.014
7980.000 0.018
7990.000 0.021
8000.000 0.025
8010.000 0.033
8020.000 0.040
8030.000 0.054
8040.000 0.057
8050.000 0.045
8060.000 0.029
8070.000 0.024
8080.000 0.019
8090.000 0.018
8100.000 0.017
8110.000 0.015
8120.000 0.013
8130.000 0.011
8140.000 0.010
8150.000 0.010
8160.000 0.009
8170.000 0.009
8180.000 0.008
8190.000 0.008
8200.000 0.008
8210.000 0.008
8220.000 0.007
8230.000 0.007
8240.000 0.008
8250.000 0.008
8260.000 0.009
8270.000 0.009
8280.000 0.009
8290.000 0.009
8300.000 0.010
8310.000 0.010
8320.000 0.011
8330.000 0.011
8340.000 0.012
8350.000 0.013
8360.000 0.015
8370.000 0.018
8380.000 0.023
8390.000 0.027
8400.000 0.036
8410.000 0.043
8420.000 0.049
8430.000 0.038
8440.000 0.033
8450.000 0.029
8460.000 0.020
8470.000 0.019
8480.000 0.015
8490.000 0.014
8500.000 0.011
8510.000 0.011
8520.000 0.010
8530.000 0.009
8540.000 0.009
8550.000 0.009
8560.000 0.009
8570.000 0.008
8580.000 0.008
8590.000 0.008
8600.000 0.007
8610.000 0.007
8620.000 0.007
8630.000 0.007
8640.000 0.008
8650.000 0.008
8660.000 0.007
8670.000 0.008
8680.000 0.008
8690.000 0.009
8700.000 0.009
8710.000 0.010
8720.000 0.011
8730.000 0.011
8740.000 0.013
8750.000 0.016
8760.000 0.018
8770.000 0.022
8780.000 0.025
8790.000 0.035
8800.000 0.047
8810.000 0.049
8820.000 0.038
8830.000 0.026
8840.000 0.022
8850.000 0.017
8860.000 0.015
8870.000 0.013
8880.000 0.012
8890.000 0.011
8900.000 0.009
8910.000 0.009
8920.000 0.008
8930.000 0.008
8940.000 0.008
8950.000 0.007
8960.000 0.007
8970.000 0.007
8980.000 0.007
8990.000 0.007
9000.000 0.006
9010.000 0.007
9020.000 0.007
9030.000 0.007
9040.000 0.007
9050.000 0.008
9060.000 0.008
9070.000 0.008
9080.000 0.009
9090.000 0.009
9100.000 0.011
9110.000 0.012
9120.000 0.013
9130.000 0.014
9140.000 0.017
9150.000 0.022
9160.000 0.025
9170.000 0.036
9180.000 0.045
9190.000 0.045
9200.000 0.039
9210.000 0.025
9220.000 0.018
9230.000 0.016
9240.000 0.014
9250.000 0.012
9260.000 0.011
9270.000 0.010
9280.000 0.009
9290.000 0.008
9300.000 0.007
9310.000 0.007
9320.000 0.008
9330.000 0.007
9340.000 0.006
9350.000 0.007
9360.000 0.006
9370.000 0.007
9380.000 0.006
9390.000 0.007
9400.000 0.006
9410.000 0.005
9420.000 0.006
9430.000 0.006
9440.000 0.006
9450.000 0.007
9460.000 0.008
9470.000 0.008
9480.000 0.009
9490.000 0.010
9500.000 0.011
9510.000 0.012
9520.000 0.015
9530.000 0.018
9540.000 0.020
9550.000 0.028
9560.000 0.033
9570.000 0.040
9580.000 0.037
9590.000 0.025
9600.000 0.018
9610.000 0.016
9620.000 0.012
9630.000 0.011
9640.000 0.009
9650.000 0.008
9660.000 0.008
9670.000 0.007
9680.000 0.007
9690.000 0.006
9700.000 0.006
9710.000 0.006
9720.000 0.006
9730.000 0.005
9740.000 0.006
9750.000 0.005
9760.000 0.005
9770.000 0.006
9780.000 0.005
9790.000 0.006
9800.000 0.006
9810.000 0.006
9820.000 0.006
9830.000 0.006
9840.000 0.006
9850.000 0.007
9860.000 0.008
9870.000 0.009
9880.000 0.009
9890.000 0.010
9900.000 0.012
9910.000 0.015
9920.000 0.019
9930.000 0.022
9940.000 0.030
9950.000 0.035
9960.000 0.036
9970.000 0.025
9980.000 0.018
9990.000 0.016
10000.000 0.013
10010.000 0.011
10020.000 0.009
10030.000 0.008
10040.000 0.008
10050.000 0.007
10060.000 0.007
10070.000 0.006
10080.000 0.007
10090.000 0.006
10100.000 0.006
10110.000 0.006
10120.000 0.005
10130.000 0.006
10140.000 0.006
10150.000 0.005
10160.000 0.006
10170.000 0.005
10180.000 0.005
10190.000 0.006
10200.000 0.006
10210.000 0.006
10220.000 0.006
10230.000 0.007
10240.000 0.007
10250.000 0.008
10260.000 0.009
10270.000 0.011
10280.000 0.012
10290.000 0.015
10300.000 0.020
10310.000 0.023
10320.000 0.030
10330.000 0.030
10340.000 0.022
10350.000 0.018
10360.000 0.013
10370.000 0.012
10380.000 0.009
10390.000 0.008
10400.000 0.008
10410.000 0.006
10420.000 0.006
10430.000 0.005
10440.000 0.005
10450.000 0.005
10460.000 0.004
10470.000 0.005
10480.000 0.005
10490.000 0.005
10500.000 0.004
10510.000 0.004
10520.000 0.004
10530.000 0.004
10540.000 0.005
10550.000 0.004
10560.000 0.005
10570.000 0.004
10580.000 0.004
10590.000 0.005
10600.000 0.005
10610.000 0.006
10620.000 0.006
10630.000 0.006
10640.000 0.007
10650.000 0.008
10660.000 0.009
10670.000 0.009
10680.000 0.012
10690.000 0.016
10700.000 0.018
10710.000 0.025
10720.000 0.028
10730.000 0.024
10740.000 0.017
10750.000 0.012
10760.000 0.010
10770.000 0.010
10780.000 0.008
10790.000 0.007
10800.000 0.006
10810.000 0.005
10820.000 0.005
10830.000 0.005
10840.000 0.005
10850.000 0.004
10860.000 0.004
10870.000 0.004
10880.000 0.004
10890.000 0.004
10900.000 0.003
10910.000 0.004
10920.000 0.003
10930.000 0.004
10940.000 0.004
10950.000 0.004
10960.000 0.004
10970.000 0.004
10980.000 0.004
10990.000 0.005
11000.000 0.005
11010.000 0.005
11020.000 0.006
11030.000 0.006
11040.000 0.007
11050.000 0.008
11060.000 0.010
11070.000 0.013
11080.000 0.015
11090.000 0.020
11100.000 0.022
11110.000 0.019
11120.000 0.016
11130.000 0.012
11140.000 0.009
11150.000 0.008
11160.000 0.006
11170.000 0.006
11180.000 0.005
11190.000 0.005
11200.000 0.004
11210.000 0.005
11220.000 0.004
11230.000 0.004
11240.000 0.004
11250.000 0.003
11260.000 0.004
11270.000 0.004
11280.000 0.004
11290.000 0.004
11300.000 0.004
11310.000 0.005
11320.000 0.004
11330.000 0.005
11340.000 0.004
11350.000 0.004
11360.000 0.005
11370.000 0.005
11380.000 0.006
11390.000 0.006
11400.000 0.006
11410.000 0.007
11420.000 0.008
11430.000 0.009
11440.000 0.011
11450.000 0.013
11460.000 0.017
11470.000 0.019
11480.000 0.024
11490.000 0.020
11500.000 0.017
11510.000 0.012
11520.000 0.010
11530.000 0.009
11540.000 0.007
11550.000 0.006
11560.000 0.005
11570.000 0.005
11580.000 0.005
11590.000 0.005
11600.000 0.004
11610.000 0.005
11620.000 0.004
11630.000 0.004
11640.000 0.004
11650.000 0.004
11660.000 0.004
11670.000 0.003
11680.000 0.004
11690.000 0.004
11700.000 0.004
11710.000 0.004
11720.000 0.004
11730.000 0.004
11740.000 0.004
11750.000 0.004
11760.000 0.004
11770.000 0.004
11780.000 0.005
11790.000 0.005
11800.000 0.006
11810.000 0.007
11820.000 0.009
11830.000 0.010
11840.000 0.012
11850.000 0.016
11860.000 0.020
11870.000 0.020
11880.000 0.014
11890.000 0.012
11900.000 0.010
11910.000 0.008
11920.000 0.006
11930.000 0.006
11940.000 0.006
11950.000 0.005
11960.000 0.005
11970.000 0.004
11980.000 0.004
11990.000 0.004
12000.000 0.004
