10.000 0.023
20.000 0.450
30.000 0.379
40.000 0.326
50.000 0.213
60.000 0.122
70.000 0.117
80.000 0.099
90.000 0.112
100.000 0.083
110.000 0.078
120.000 0.067
130.000 0.061
140.000 0.061
150.000 0.058
160.000 0.058
170.000 0.066
180.000 0.055
190.000 0.055
200.000 0.061
210.000 0.072
220.000 0.056
230.000 0.069
240.000 0.058
250.000 0.062
260.000 0.065
270.000 0.053
280.000 0.042
290.000 0.040
300.000 0.042
310.000 0.037
320.000 0.033
330.000 0.030
340.000 0.032
350.000 0.031
360.000 0.028
370.000 0.027
380.000 0.027
390.000 0.023
400.000 0.030
410.000 0.024
420.000 0.025
430.000 0.039
440.000 0.032
450.000 0.044
460.000 0.070
470.000 0.087
480.000 0.112
490.000 0.102
500.000 0.081
510.000 0.069
520.000 0.067
530.000 0.064
540.000 0.066
550.000 0.066
560.000 0.068
570.000 0.069
580.000 0.069
590.000 0.070
600.000 0.067
610.000 0.063
620.000 0.060
630.000 0.058
640.000 0.055
650.000 0.053
660.000 0.054
670.000 0.053
680.000 0.059
690.000 0.068
700.000 0.083
710.000 0.083
720.000 0.065
730.000 0.030
740.000 0.022
750.000 0.015
760.000 0.010
770.000 0.010
780.000 0.008
790.000 0.009
800.000 0.014
810.000 0.030
820.000 0.023
830.000 0.014
840.000 0.011
850.000 0.010
860.000 0.007
870.000 0.006
880.000 0.005
890.000 0.003
900.000 0.015
910.000 0.023
920.000 0.024
930.000 0.036
940.000 0.037
950.000 0.026
960.000 0.022
970.000 0.019
980.000 0.018
990.000 0.017
1000.000 0.016
1010.000 0.016
1020.000 0.015
1030.000 0.015
1040.000 0.016
1050.000 0.016
1060.000 0.016
1070.000 0.016
1080.000 0.016
1090.000 0.018
1100.000 0.019
1110.000 0.021
1120.000 0.023
1130.000 0.028
1140.000 0.031
1150.000 0.044
1160.000 0.055
1170.000 0.051
1180.000 0.024
1190.000 0.019
1200.000 0.012
1210.000 0.009
1220.000 0.008
1230.000 0.006
1240.000 0.007
1250.000 0.006
1260.000 0.006
1270.000 0.005
1280.000 0.006
1290.000 0.007
1300.000 0.008
1310.000 0.009
1320.000 0.010
1330.000 0.013
1340.000 0.016
1350.000 0.022
1360.000 0.026
1370.000 0.043
1380.000 0.069
1390.000 0.072
1400.000 0.052
1410.000 0.044
1420.000 0.031
1430.000 0.027
1440.000 0.025
1450.000 0.022
1460.000 0.022
1470.000 0.021
1480.000 0.022
1490.000 0.021
1500.000 0.022
1510.000 0.022
1520.000 0.023
1530.000 0.026
1540.000 0.027
1550.000 0.031
1560.000 0.035
1570.000 0.044
1580.000 0.060
1590.000 0.075
1600.000 0.113
1610.000 0.124
1620.000 0.080
1630.000 0.047
1640.000 0.041
1650.000 0.031
1660.000 0.029
1670.000 0.023
1680.000 0.023
1690.000 0.021
1700.000 0.020
1710.000 0.021
1720.000 0.022
1730.000 0.022
1740.000 0.023
1750.000 0.025
1760.000 0.028
1770.000 0.033
1780.000 0.041
1790.000 0.048
1800.000 0.066
1810.000 0.079
1820.000 0.116
1830.000 0.147
1840.000 0.140
1850.000 0.099
1860.000 0.083
1870.000 0.067
1880.000 0.058
1890.000 0.051
1900.000 0.051
1910.000 0.052
1920.000 0.052
1930.000 0.052
1940.000 0.054
1950.000 0.058
1960.000 0.061
1970.000 0.071
1980.000 0.086
1990.000 0.097
2000.000 0.126
2010.000 0.148
2020.000 0.189
2030.000 0.169
2040.000 0.137
2050.000 0.092
2060.000 0.078
2070.000 0.060
2080.000 0.050
2090.000 0.047
2100.000 0.041
2110.000 0.039
2120.000 0.036
2130.000 0.033
2140.000 0.034
2150.000 0.033
2160.000 0.034
2170.000 0.034
2180.000 0.036
2190.000 0.037
2200.000 0.042
2210.000 0.045
2220.000 0.054
2230.000 0.068
2240.000 0.077
2250.000 0.103
2260.000 0.119
2270.000 0.131
2280.000 0.104
2290.000 0.088
2300.000 0.068
2310.000 0.063
2320.000 0.056
2330.000 0.054
2340.000 0.055
2350.000 0.061
2360.000 0.068
2370.000 0.084
2380.000 0.072
2390.000 0.048
2400.000 0.023
2410.000 0.017
2420.000 0.011
2430.000 0.008
2440.000 0.007
2450.000 0.005
2460.000 0.005
2470.000 0.005
2480.000 0.004
2490.000 0.004
2500.000 0.004
2510.000 0.003
2520.000 0.003
2530.000 0.004
2540.000 0.004
2550.000 0.004
2560.000 0.003
2570.000 0.003
2580.000 0.003
2590.000 0.003
2600.000 0.003
2610.000 0.004
2620.000 0.004
2630.000 0.003
2640.000 0.003
2650.000 0.003
2660.000 0.004
2670.000 0.003
2680.000 0.003
2690.000 0.003
2700.000 0.003
2710.000 0.003
2720.000 0.003
2730.000 0.003
2740.000 0.003
2750.000 0.003
2760.000 0.003
2770.000 0.003
2780.000 0.004
2790.000 0.003
2800.000 0.003
2810.000 0.003
2820.000 0.003
2830.000 0.003
2840.000 0.003
2850.000 0.003
2860.000 0.003
2870.000 0.003
2880.000 0.003
2890.000 0.004
2900.000 0.004
2910.000 0.004
2920.000 0.004
2930.000 0.006
2940.000 0.008
2950.000 0.011
2960.000 0.012
2970.000 0.006
2980.000 0.005
2990.000 0.003
3000.000 0.003
3010.000 0.003
3020.000 0.003
3030.000 0.003
3040.000 0.003
3050.000 0.002
3060.000 0.003
3070.000 0.003
3080.000 0.002
3090.000 0.002
3100.000 0.003
3110.000 0.002
3120.000 0.003
3130.000 0.002
3140.000 0.002
3150.000 0.003
3160.000 0.003
3170.000 0.002
3180.000 0.002
3190.000 0.002
3200.000 0.003
3210.000 0.002
3220.000 0.003
3230.000 0.003
3240.000 0.002
3250.000 0.003
3260.000 0.003
3270.000 0.004
3280.000 0.004
3290.000 0.005
3300.000 0.005
3310.000 0.007
3320.000 0.010
3330.000 0.011
3340.000 0.018
3350.000 0.029
3360.000 0.040
3370.000 0.078
3380.000 0.108
3390.000 0.143
3400.000 0.105
3410.000 0.105
3420.000 0.114
3430.000 0.121
3440.000 0.120
3450.000 0.078
3460.000 0.061
3470.000 0.041
3480.000 0.035
3490.000 0.028
3500.000 0.023
3510.000 0.022
3520.000 0.019
3530.000 0.018
3540.000 0.017
3550.000 0.017
3560.000 0.017
3570.000 0.017
3580.000 0.017
3590.000 0.019
3600.000 0.022
3610.000 0.023
3620.000 0.029
3630.000 0.033
3640.000 0.045
3650.000 0.055
3660.000 0.086
3670.000 0.122
3680.000 0.118
3690.000 0.071
3700.000 0.059
3710.000 0.047
3720.000 0.040
3730.000 0.039
3740.000 0.037
3750.000 0.038
3760.000 0.040
3770.000 0.045
3780.000 0.050
3790.000 0.063
3800.000 0.072
3810.000 0.092
3820.000 0.084
3830.000 0.067
3840.000 0.043
3850.000 0.036
3860.000 0.028
3870.000 0.022
3880.000 0.021
3890.000 0.019
3900.000 0.017
3910.000 0.015
3920.000 0.015
3930.000 0.015
3940.000 0.015
3950.000 0.015
3960.000 0.016
3970.000 0.017
3980.000 0.018
3990.000 0.021
4000.000 0.023
4010.000 0.029
4020.000 0.040
4030.000 0.047
4040.000 0.071
4050.000 0.083
4060.000 0.069
4070.000 0.042
4080.000 0.035
4090.000 0.027
4100.000 0.025
4110.000 0.022
4120.000 0.021
4130.000 0.020
4140.000 0.019
4150.000 0.020
4160.000 0.020
4170.000 0.022
4180.000 0.023
4190.000 0.027
4200.000 0.030
4210.000 0.040
4220.000 0.055
4230.000 0.064
4240.000 0.069
4250.000 0.056
4260.000 0.036
4270.000 0.029
4280.000 0.023
4290.000 0.019
4300.000 0.017
4310.000 0.014
4320.000 0.015
4330.000 0.013
4340.000 0.012
4350.000 0.013
4360.000 0.012
4370.000 0.012
4380.000 0.013
4390.000 0.015
4400.000 0.017
4410.000 0.022
4420.000 0.025
4430.000 0.036
4440.000 0.041
4450.000 0.034
4460.000 0.020
4470.000 0.018
4480.000 0.013
4490.000 0.011
4500.000 0.011
4510.000 0.009
4520.000 0.009
4530.000 0.009
4540.000 0.009
4550.000 0.009
4560.000 0.009
4570.000 0.011
4580.000 0.012
4590.000 0.014
4600.000 0.016
4610.000 0.020
4620.000 0.029
4630.000 0.034
4640.000 0.050
4650.000 0.058
4660.000 0.054
4670.000 0.038
4680.000 0.033
4690.000 0.027
4700.000 0.026
4710.000 0.023
4720.000 0.023
4730.000 0.022
4740.000 0.023
4750.000 0.025
4760.000 0.028
4770.000 0.034
4780.000 0.039
4790.000 0.054
4800.000 0.060
4810.000 0.057
4820.000 0.033
4830.000 0.026
4840.000 0.018
4850.000 0.016
4860.000 0.013
4870.000 0.012
4880.000 0.011
4890.000 0.010
4900.000 0.009
4910.000 0.009
4920.000 0.009
4930.000 0.009
4940.000 0.010
4950.000 0.010
4960.000 0.011
4970.000 0.012
4980.000 0.015
4990.000 0.019
5000.000 0.023
5010.000 0.031
5020.000 0.034
5030.000 0.026
5040.000 0.018
5050.000 0.017
5060.000 0.015
5070.000 0.014
5080.000 0.015
5090.000 0.017
5100.000 0.015
5110.000 0.008
5120.000 0.007
5130.000 0.004
5140.000 0.003
5150.000 0.003
5160.000 0.002
5170.000 0.002
5180.000 0.001
5190.000 0.002
5200.000 0.002
5210.000 0.001
5220.000 0.001
5230.000 0.002
5240.000 0.002
5250.000 0.001
5260.000 0.002
5270.000 0.002
5280.000 0.002
5290.000 0.001
5300.000 0.002
5310.000 0.001
5320.000 0.001
5330.000 0.002
5340.000 0.001
5350.000 0.001
5360.000 0.001
5370.000 0.002
5380.000 0.002
5390.000 0.001
5400.000 0.001
5410.000 0.001
5420.000 0.001
5430.000 0.001
5440.000 0.001
5450.000 0.001
5460.000 0.001
5470.000 0.001
5480.000 0.001
5490.000 0.001
5500.000 0.001
5510.000 0.001
5520.000 0.001
5530.000 0.001
5540.000 0.001
5550.000 0.001
5560.000 0.001
5570.000 0.001
5580.000 0.001
5590.000 0.001
5600.000 0.001
5610.000 0.002
5620.000 0.001
5630.000 0.001
5640.000 0.001
5650.000 0.001
5660.000 0.001
5670.000 0.002
5680.000 0.001
5690.000 0.001
5700.000 0.001
5710.000 0.001
5720.000 0.001
5730.000 0.001
5740.000 0.001
5750.000 0.001
5760.000 0.001
5770.000 0.001
5780.000 0.001
5790.000 0.001
5800.000 0.001
5810.000 0.001
5820.000 0.001
5830.000 0.001
5840.000 0.001
5850.000 0.000
5860.000 0.001
5870.000 0.001
5880.000 0.001
5890.000 0.001
5900.000 0.001
5910.000 0.001
5920.000 0.001
5930.000 0.001
5940.000 0.001
5950.000 0.001
5960.000 0.001
5970.000 0.001
5980.000 0.001
5990.000 0.001
6000.000 0.001
6010.000 0.001
6020.000 0.001
6030.000 0.001
6040.000 0.001
6050.000 0.001
6060.000 0.001
6070.000 0.001
6080.000 0.001
6090.000 0.001
6100.000 0.001
6110.000 0.001
6120.000 0.001
6130.000 0.001
6140.000 0.001
6150.000 0.001
6160.000 0.001
6170.000 0.001
6180.000 0.001
6190.000 0.001
6200.000 0.001
6210.000 0.001
6220.000 0.001
6230.000 0.002
6240.000 0.001
6250.000 0.001
6260.000 0.001
6270.000 0.001
6280.000 0.001
6290.000 0.001
6300.000 0.001
6310.000 0.001
6320.000 0.001
6330.000 0.001
6340.000 0.001
6350.000 0.001
6360.000 0.001
6370.000 0.001
6380.000 0.001
6390.000 0.001
6400.000 0.001
6410.000 0.001
6420.000 0.001
6430.000 0.001
6440.000 0.001
6450.000 0.001
6460.000 0.001
6470.000 0.001
6480.000 0.001
6490.000 0.001
6500.000 0.001
6510.000 0.001
6520.000 0.001
6530.000 0.001
6540.000 0.001
6550.000 0.001
6560.000 0.001
6570.000 0.001
6580.000 0.002
6590.000 0.002
6600.000 0.005
6610.000 0.011
6620.000 0.016
6630.000 0.031
6640.000 0.038
6650.000 0.041
6660.000 0.045
6670.000 0.057
6680.000 0.057
6690.000 0.047
6700.000 0.033
6710.000 0.030
6720.000 0.026
6730.000 0.027
6740.000 0.028
6750.000 0.033
6760.000 0.038
6770.000 0.051
6780.000 0.067
6790.000 0.069
6800.000 0.050
6810.000 0.042
6820.000 0.032
6830.000 0.028
6840.000 0.027
6850.000 0.027
6860.000 0.027
6870.000 0.030
6880.000 0.036
6890.000 0.040
6900.000 0.053
6910.000 0.062
6920.000 0.067
6930.000 0.049
6940.000 0.041
6950.000 0.030
6960.000 0.028
6970.000 0.024
6980.000 0.022
6990.000 0.022
7000.000 0.022
7010.000 0.022
7020.000 0.025
7030.000 0.029
7040.000 0.033
7050.000 0.043
7060.000 0.049
7070.000 0.057
7080.000 0.046
7090.000 0.039
7100.000 0.028
7110.000 0.025
7120.000 0.021
7130.000 0.018
7140.000 0.018
7150.000 0.017
7160.000 0.017
7170.000 0.017
7180.000 0.018
7190.000 0.020
7200.000 0.024
7210.000 0.027
7220.000 0.034
7230.000 0.046
7240.000 0.051
7250.000 0.046
7260.000 0.038
7270.000 0.028
7280.000 0.021
7290.000 0.020
7300.000 0.017
7310.000 0.016
7320.000 0.015
7330.000 0.015
7340.000 0.015
7350.000 0.016
7360.000 0.018
7370.000 0.021
7380.000 0.026
7390.000 0.030
7400.000 0.038
7410.000 0.040
7420.000 0.035
7430.000 0.025
7440.000 0.021
7450.000 0.017
7460.000 0.015
7470.000 0.014
7480.000 0.012
7490.000 0.013
7500.000 0.012
7510.000 0.013
7520.000 0.013
7530.000 0.015
7540.000 0.016
7550.000 0.021
7560.000 0.024
7570.000 0.030
7580.000 0.030
7590.000 0.026
7600.000 0.018
7610.000 0.015
7620.000 0.012
7630.000 0.010
7640.000 0.010
7650.000 0.009
7660.000 0.009
7670.000 0.008
7680.000 0.009
7690.000 0.010
7700.000 0.010
7710.000 0.012
7720.000 0.014
7730.000 0.018
7740.000 0.021
7750.000 0.022
7760.000 0.020
7770.000 0.015
7780.000 0.012
7790.000 0.010
7800.000 0.010
7810.000 0.009
7820.000 0.010
7830.000 0.010
7840.000 0.011
7850.000 0.013
7860.000 0.015
7870.000 0.016
7880.000 0.014
7890.000 0.010
7900.000 0.006
7910.000 0.006
7920.000 0.004
7930.000 0.005
7940.000 0.004
7950.000 0.003
7960.000 0.003
7970.000 0.004
7980.000 0.004
7990.000 0.004
8000.000 0.005
8010.000 0.005
8020.000 0.006
8030.000 0.006
8040.000 0.005
8050.000 0.004
8060.000 0.004
8070.000 0.003
8080.000 0.002
8090.000 0.002
8100.000 0.001
8110.000 0.001
8120.000 0.001
8130.000 0.001
8140.000 0.001
8150.000 0.001
8160.000 0.001
8170.000 0.001
8180.000 0.001
8190.000 0.001
8200.000 0.001
8210.000 0.001
8220.000 0.001
8230.000 0.001
8240.000 0.001
8250.000 0.001
8260.000 0.001
8270.000 0.001
8280.000 0.002
8290.000 0.001
8300.000 0.001
8310.000 0.001
8320.000 0.001
8330.000 0.001
8340.000 0.001
8350.000 0.001
8360.000 0.001
8370.000 0.001
8380.000 0.001
8390.000 0.001
8400.000 0.001
8410.000 0.001
8420.000 0.001
8430.000 0.001
8440.000 0.001
8450.000 0.001
8460.000 0.001
8470.000 0.001
8480.000 0.001
8490.000 0.001
8500.000 0.001
8510.000 0.001
8520.000 0.001
8530.000 0.001
8540.000 0.001
8550.000 0.001
8560.000 0.001
8570.000 0.001
8580.000 0.001
8590.000 0.002
8600.000 0.001
8610.000 0.001
8620.000 0.001
8630.000 0.001
8640.000 0.001
8650.000 0.001
8660.000 0.001
8670.000 0.001
8680.000 0.001
8690.000 0.001
8700.000 0.001
8710.000 0.001
8720.000 0.001
8730.000 0.001
8740.000 0.001
8750.000 0.001
8760.000 0.001
8770.000 0.001
8780.000 0.001
8790.000 0.001
8800.000 0.001
8810.000 0.002
8820.000 0.001
8830.000 0.002
8840.000 0.001
8850.000 0.001
8860.000 0.001
8870.000 0.001
8880.000 0.001
8890.000 0.002
8900.000 0.001
8910.000 0.001
8920.000 0.001
8930.000 0.002
8940.000 0.001
8950.000 0.001
8960.000 0.001
8970.000 0.001
8980.000 0.001
8990.000 0.001
9000.000 0.001
9010.000 0.001
9020.000 0.001
9030.000 0.001
9040.000 0.001
9050.000 0.002
9060.000 0.001
9070.000 0.001
9080.000 0.001
9090.000 0.001
9100.000 0.001
9110.000 0.001
9120.000 0.001
9130.000 0.001
9140.000 0.001
9150.000 0.001
9160.000 0.002
9170.000 0.001
9180.000 0.001
9190.000 0.001
9200.000 0.001
9210.000 0.001
9220.000 0.002
9230.000 0.001
9240.000 0.001
9250.000 0.001
9260.000 0.001
9270.000 0.002
9280.000 0.001
9290.000 0.001
9300.000 0.001
9310.000 0.001
9320.000 0.001
9330.000 0.001
9340.000 0.001
9350.000 0.001
9360.000 0.001
9370.000 0.001
9380.000 0.001
9390.000 0.002
9400.000 0.001
9410.000 0.001
9420.000 0.001
9430.000 0.001
9440.000 0.002
9450.000 0.001
9460.000 0.001
9470.000 0.001
9480.000 0.002
9490.000 0.001
9500.000 0.001
9510.000 0.001
9520.000 0.001
9530.000 0.001
9540.000 0.001
9550.000 0.002
9560.000 0.001
9570.000 0.001
9580.000 0.001
9590.000 0.001
9600.000 0.001
9610.000 0.001
9620.000 0.001
9630.000 0.001
9640.000 0.001
9650.000 0.002
9660.000 0.001
9670.000 0.001
9680.000 0.001
9690.000 0.001
9700.000 0.001
9710.000 0.001
9720.000 0.001
9730.000 0.001
9740.000 0.001
9750.000 0.001
9760.000 0.002
9770.000 0.001
9780.000 0.002
9790.000 0.001
9800.000 0.001
9810.000 0.001
9820.000 0.002
9830.000 0.002
9840.000 0.002
9850.000 0.001
9860.000 0.002
9870.000 0.003
9880.000 0.003
9890.000 0.004
9900.000 0.005
9910.000 0.008
9920.000 0.013
9930.000 0.014
9940.000 0.010
9950.000 0.009
9960.000 0.005
9970.000 0.005
9980.000 0.004
9990.000 0.004
10000.000 0.004
10010.000 0.004
10020.000 0.004
10030.000 0.005
10040.000 0.005
10050.000 0.006
10060.000 0.007
10070.000 0.010
10080.000 0.012
10090.000 0.017
10100.000 0.019
10110.000 0.022
10120.000 0.018
10130.000 0.017
10140.000 0.017
10150.000 0.017
10160.000 0.018
10170.000 0.018
10180.000 0.015
10190.000 0.011
10200.000 0.010
10210.000 0.007
10220.000 0.006
10230.000 0.006
10240.000 0.005
10250.000 0.005
10260.000 0.005
10270.000 0.005
10280.000 0.005
10290.000 0.006
10300.000 0.005
10310.000 0.006
10320.000 0.007
10330.000 0.009
10340.000 0.011
10350.000 0.013
10360.000 0.017
10370.000 0.017
10380.000 0.015
10390.000 0.012
10400.000 0.010
10410.000 0.009
10420.000 0.009
10430.000 0.008
10440.000 0.008
10450.000 0.009
10460.000 0.009
10470.000 0.011
10480.000 0.013
10490.000 0.012
10500.000 0.011
10510.000 0.009
10520.000 0.008
10530.000 0.006
10540.000 0.005
10550.000 0.004
10560.000 0.005
10570.000 0.005
10580.000 0.005
10590.000 0.005
10600.000 0.006
10610.000 0.007
10620.000 0.006
10630.000 0.008
10640.000 0.009
10650.000 0.010
10660.000 0.010
10670.000 0.009
10680.000 0.007
10690.000 0.006
10700.000 0.006
10710.000 0.005
10720.000 0.005
10730.000 0.005
10740.000 0.004
10750.000 0.003
10760.000 0.004
10770.000 0.004
10780.000 0.005
10790.000 0.004
10800.000 0.005
10810.000 0.006
10820.000 0.006
10830.000 0.006
10840.000 0.005
10850.000 0.005
10860.000 0.004
10870.000 0.004
10880.000 0.004
10890.000 0.004
10900.000 0.005
10910.000 0.006
10920.000 0.006
10930.000 0.006
10940.000 0.005
10950.000 0.005
10960.000 0.004
10970.000 0.003
10980.000 0.003
10990.000 0.003
11000.000 0.002
11010.000 0.002
11020.000 0.002
11030.000 0.002
11040.000 0.002
11050.000 0.002
11060.000 0.001
11070.000 0.002
11080.000 0.001
11090.000 0.002
11100.000 0.002
11110.000 0.003
11120.000 0.002
11130.000 0.003
11140.000 0.003
11150.000 0.002
11160.000 0.002
11170.000 0.002
11180.000 0.002
11190.000 0.002
11200.000 0.001
11210.000 0.002
11220.000 0.002
11230.000 0.002
11240.000 0.001
11250.000 0.002
11260.000 0.001
11270.000 0.002
11280.000 0.002
11290.000 0.001
11300.000 0.002
11310.000 0.002
11320.000 0.002
11330.000 0.001
11340.000 0.002
11350.000 0.002
11360.000 0.002
11370.000 0.002
11380.000 0.001
11390.000 0.002
11400.000 0.002
11410.000 0.002
11420.000 0.002
11430.000 0.002
11440.000 0.002
11450.000 0.002
11460.000 0.001
11470.000 0.002
11480.000 0.001
11490.000 0.001
11500.000 0.001
11510.000 0.002
11520.000 0.001
11530.000 0.002
11540.000 0.001
11550.000 0.002
11560.000 0.002
11570.000 0.002
11580.000 0.002
11590.000 0.002
11600.000 0.001
11610.000 0.001
11620.000 0.002
11630.000 0.002
11640.000 0.001
11650.000 0.002
11660.000 0.002
11670.000 0.001
11680.000 0.002
11690.000 0.001
11700.000 0.002
11710.000 0.001
11720.000 0.002
11730.000 0.001
11740.000 0.002
11750.000 0.002
11760.000 0.002
11770.000 0.001
11780.000 0.002
11790.000 0.002
11800.000 0.002
11810.000 0.002
11820.000 0.001
11830.000 0.002
11840.000 0.002
11850.000 0.001
11860.000 0.001
11870.000 0.002
11880.000 0.002
11890.000 0.002
11900.000 0.001
11910.000 0.002
11920.000 0.002
11930.000 0.002
11940.000 0.001
11950.000 0.002
11960.000 0.001
11970.000 0.002
11980.000 0.002
11990.000 0.002
12000.000 0.001
