10.000 0.043
20.000 0.551
30.000 0.072
40.000 0.137
50.000 0.131
60.000 0.156
70.000 0.143
80.000 0.133
90.000 0.096
100.000 0.102
110.000 0.083
120.000 0.056
130.000 0.102
140.000 0.085
150.000 0.061
160.000 0.095
170.000 0.072
180.000 0.077
190.000 0.070
200.000 0.054
210.000 0.033
220.000 0.066
230.000 0.059
240.000 0.063
250.000 0.041
260.000 0.051
270.000 0.042
280.000 0.028
290.000 0.039
300.000 0.047
310.000 0.019
320.000 0.034
330.000 0.029
340.000 0.039
350.000 0.035
360.000 0.028
370.000 0.029
380.000 0.030
390.000 0.029
400.000 0.027
410.000 0.029
420.000 0.032
430.000 0.035
440.000 0.033
450.000 0.030
460.000 0.031
470.000 0.033
480.000 0.031
490.000 0.034
500.000 0.035
510.000 0.040
520.000 0.042
530.000 0.042
540.000 0.046
550.000 0.048
560.000 0.050
570.000 0.052
580.000 0.057
590.000 0.055
600.000 0.055
610.000 0.049
620.000 0.047
630.000 0.041
640.000 0.039
650.000 0.034
660.000 0.033
670.000 0.028
680.000 0.029
690.000 0.025
700.000 0.024
710.000 0.023
720.000 0.021
730.000 0.021
740.000 0.022
750.000 0.020
760.000 0.025
770.000 0.020
780.000 0.017
790.000 0.016
800.000 0.021
810.000 0.019
820.000 0.021
830.000 0.020
840.000 0.014
850.000 0.017
860.000 0.018
870.000 0.026
880.000 0.027
890.000 0.033
900.000 0.035
910.000 0.038
920.000 0.034
930.000 0.034
940.000 0.030
950.000 0.022
960.000 0.021
970.000 0.012
980.000 0.014
990.000 0.012
1000.000 0.012
1010.000 0.009
1020.000 0.010
1030.000 0.009
1040.000 0.007
1050.000 0.007
1060.000 0.007
1070.000 0.006
1080.000 0.007
1090.000 0.008
1100.000 0.006
1110.000 0.006
1120.000 0.006
1130.000 0.006
1140.000 0.005
1150.000 0.006
1160.000 0.006
1170.000 0.006
1180.000 0.006
1190.000 0.005
1200.000 0.005
1210.000 0.005
1220.000 0.004
1230.000 0.005
1240.000 0.005
1250.000 0.004
1260.000 0.004
1270.000 0.006
1280.000 0.006
1290.000 0.007
1300.000 0.008
1310.000 0.009
1320.000 0.009
1330.000 0.010
1340.000 0.011
1350.000 0.012
1360.000 0.013
1370.000 0.015
1380.000 0.016
1390.000 0.016
1400.000 0.017
1410.000 0.020
1420.000 0.021
1430.000 0.024
1440.000 0.025
1450.000 0.028
1460.000 0.029
1470.000 0.039
1480.000 0.040
1490.000 0.051
1500.000 0.065
1510.000 0.075
1520.000 0.092
1530.000 0.102
1540.000 0.131
1550.000 0.138
1560.000 0.137
1570.000 0.116
1580.000 0.105
1590.000 0.091
1600.000 0.084
1610.000 0.073
1620.000 0.067
1630.000 0.064
1640.000 0.058
1650.000 0.056
1660.000 0.051
1670.000 0.051
1680.000 0.046
1690.000 0.049
1700.000 0.048
1710.000 0.046
1720.000 0.044
1730.000 0.045
1740.000 0.045
1750.000 0.043
1760.000 0.043
1770.000 0.044
1780.000 0.045
1790.000 0.046
1800.000 0.044
1810.000 0.046
1820.000 0.047
1830.000 0.048
1840.000 0.049
1850.000 0.049
1860.000 0.051
1870.000 0.052
1880.000 0.055
1890.000 0.055
1900.000 0.056
1910.000 0.059
1920.000 0.061
1930.000 0.062
1940.000 0.066
1950.000 0.067
1960.000 0.070
1970.000 0.075
1980.000 0.077
1990.000 0.083
2000.000 0.083
2010.000 0.091
2020.000 0.098
2030.000 0.101
2040.000 0.109
2050.000 0.114
2060.000 0.123
2070.000 0.135
2080.000 0.141
2090.000 0.154
2100.000 0.164
2110.000 0.181
2120.000 0.202
2130.000 0.214
2140.000 0.236
2150.000 0.246
2160.000 0.259
2170.000 0.257
2180.000 0.249
2190.000 0.224
2200.000 0.209
2210.000 0.178
2220.000 0.149
2230.000 0.138
2240.000 0.116
2250.000 0.107
2260.000 0.092
2270.000 0.080
2280.000 0.074
2290.000 0.066
2300.000 0.061
2310.000 0.055
2320.000 0.049
2330.000 0.046
2340.000 0.041
2350.000 0.041
2360.000 0.036
2370.000 0.033
2380.000 0.032
2390.000 0.029
2400.000 0.028
2410.000 0.026
2420.000 0.025
2430.000 0.025
2440.000 0.024
2450.000 0.023
2460.000 0.022
2470.000 0.022
2480.000 0.021
2490.000 0.020
2500.000 0.020
2510.000 0.019
2520.000 0.018
2530.000 0.017
2540.000 0.016
2550.000 0.016
2560.000 0.016
2570.000 0.015
2580.000 0.015
2590.000 0.014
2600.000 0.014
2610.000 0.014
2620.000 0.013
2630.000 0.013
2640.000 0.013
2650.000 0.013
2660.000 0.012
2670.000 0.012
2680.000 0.012
2690.000 0.012
2700.000 0.012
2710.000 0.011
2720.000 0.011
2730.000 0.011
2740.000 0.012
2750.000 0.011
2760.000 0.011
2770.000 0.011
2780.000 0.011
2790.000 0.011
2800.000 0.011
2810.000 0.011
2820.000 0.010
2830.000 0.011
2840.000 0.010
2850.000 0.010
2860.000 0.011
2870.000 0.010
2880.000 0.010
2890.000 0.010
2900.000 0.010
2910.000 0.011
2920.000 0.011
2930.000 0.011
2940.000 0.011
2950.000 0.011
2960.000 0.011
2970.000 0.012
2980.000 0.011
2990.000 0.012
3000.000 0.012
3010.000 0.011
3020.000 0.011
3030.000 0.012
3040.000 0.012
3050.000 0.013
3060.000 0.012
3070.000 0.012
3080.000 0.013
3090.000 0.014
3100.000 0.014
3110.000 0.014
3120.000 0.015
3130.000 0.015
3140.000 0.016
3150.000 0.017
3160.000 0.017
3170.000 0.018
3180.000 0.018
3190.000 0.020
3200.000 0.020
3210.000 0.022
3220.000 0.023
3230.000 0.024
3240.000 0.026
3250.000 0.027
3260.000 0.030
3270.000 0.031
3280.000 0.036
3290.000 0.039
3300.000 0.042
3310.000 0.048
3320.000 0.052
3330.000 0.062
3340.000 0.066
3350.000 0.082
3360.000 0.102
3370.000 0.113
3380.000 0.140
3390.000 0.152
3400.000 0.166
3410.000 0.157
3420.000 0.144
3430.000 0.122
3440.000 0.110
3450.000 0.094
3460.000 0.080
3470.000 0.075
3480.000 0.067
3490.000 0.064
3500.000 0.058
3510.000 0.054
3520.000 0.053
3530.000 0.050
3540.000 0.049
3550.000 0.047
3560.000 0.044
3570.000 0.044
3580.000 0.043
3590.000 0.043
3600.000 0.042
3610.000 0.042
3620.000 0.042
3630.000 0.042
3640.000 0.042
3650.000 0.043
3660.000 0.043
3670.000 0.044
3680.000 0.046
3690.000 0.047
3700.000 0.049
3710.000 0.051
3720.000 0.053
3730.000 0.057
3740.000 0.060
3750.000 0.066
3760.000 0.072
3770.000 0.078
3780.000 0.088
3790.000 0.095
3800.000 0.112
3810.000 0.133
3820.000 0.146
3830.000 0.166
3840.000 0.172
3850.000 0.172
3860.000 0.151
3870.000 0.134
3880.000 0.112
3890.000 0.101
3900.000 0.085
3910.000 0.073
3920.000 0.067
3930.000 0.059
3940.000 0.055
3950.000 0.050
3960.000 0.046
3970.000 0.044
3980.000 0.040
3990.000 0.039
4000.000 0.036
4010.000 0.034
4020.000 0.034
4030.000 0.032
4040.000 0.031
4050.000 0.030
4060.000 0.029
4070.000 0.028
4080.000 0.028
4090.000 0.028
4100.000 0.027
4110.000 0.027
4120.000 0.027
4130.000 0.027
4140.000 0.026
4150.000 0.026
4160.000 0.027
4170.000 0.027
4180.000 0.027
4190.000 0.028
4200.000 0.027
4210.000 0.028
4220.000 0.029
4230.000 0.029
4240.000 0.030
4250.000 0.031
4260.000 0.033
4270.000 0.033
4280.000 0.036
4290.000 0.037
4300.000 0.039
4310.000 0.042
4320.000 0.044
4330.000 0.048
4340.000 0.049
4350.000 0.054
4360.000 0.060
4370.000 0.062
4380.000 0.072
4390.000 0.077
4400.000 0.088
4410.000 0.095
4420.000 0.094
4430.000 0.084
4440.000 0.076
4450.000 0.061
4460.000 0.051
4470.000 0.047
4480.000 0.039
4490.000 0.037
4500.000 0.033
4510.000 0.031
4520.000 0.029
4530.000 0.026
4540.000 0.026
4550.000 0.024
4560.000 0.024
4570.000 0.023
4580.000 0.022
4590.000 0.023
4600.000 0.022
4610.000 0.023
4620.000 0.022
4630.000 0.022
4640.000 0.022
4650.000 0.023
4660.000 0.024
4670.000 0.024
4680.000 0.024
4690.000 0.025
4700.000 0.025
4710.000 0.026
4720.000 0.026
4730.000 0.027
4740.000 0.026
4750.000 0.028
4760.000 0.029
4770.000 0.028
4780.000 0.030
4790.000 0.030
4800.000 0.031
4810.000 0.032
4820.000 0.033
4830.000 0.034
4840.000 0.035
4850.000 0.038
4860.000 0.039
4870.000 0.042
4880.000 0.047
4890.000 0.051
4900.000 0.059
4910.000 0.064
4920.000 0.078
4930.000 0.098
4940.000 0.108
4950.000 0.114
4960.000 0.106
4970.000 0.077
4980.000 0.055
4990.000 0.048
5000.000 0.036
5010.000 0.034
5020.000 0.029
5030.000 0.025
5040.000 0.022
5050.000 0.018
5060.000 0.017
5070.000 0.015
5080.000 0.013
5090.000 0.013
5100.000 0.011
5110.000 0.011
5120.000 0.010
5130.000 0.009
5140.000 0.009
5150.000 0.008
5160.000 0.008
5170.000 0.007
5180.000 0.007
5190.000 0.006
5200.000 0.006
5210.000 0.006
5220.000 0.005
5230.000 0.005
5240.000 0.005
5250.000 0.005
5260.000 0.005
5270.000 0.005
5280.000 0.004
5290.000 0.004
5300.000 0.004
5310.000 0.004
5320.000 0.004
5330.000 0.004
5340.000 0.003
5350.000 0.003
5360.000 0.004
5370.000 0.003
5380.000 0.003
5390.000 0.003
5400.000 0.003
5410.000 0.003
5420.000 0.003
5430.000 0.003
5440.000 0.003
5450.000 0.002
5460.000 0.003
5470.000 0.003
5480.000 0.003
5490.000 0.003
5500.000 0.003
5510.000 0.002
5520.000 0.002
5530.000 0.002
5540.000 0.002
5550.000 0.003
5560.000 0.002
5570.000 0.003
5580.000 0.002
5590.000 0.003
5600.000 0.003
5610.000 0.002
5620.000 0.002
5630.000 0.002
5640.000 0.002
5650.000 0.002
5660.000 0.003
5670.000 0.002
5680.000 0.002
5690.000 0.003
5700.000 0.002
5710.000 0.002
5720.000 0.001
5730.000 0.002
5740.000 0.002
5750.000 0.002
5760.000 0.002
5770.000 0.002
5780.000 0.002
5790.000 0.002
5800.000 0.002
5810.000 0.002
5820.000 0.002
5830.000 0.002
5840.000 0.002
5850.000 0.002
5860.000 0.002
5870.000 0.002
5880.000 0.003
5890.000 0.002
5900.000 0.002
5910.000 0.002
5920.000 0.002
5930.000 0.002
5940.000 0.003
5950.000 0.002
5960.000 0.002
5970.000 0.002
5980.000 0.002
5990.000 0.002
6000.000 0.003
6010.000 0.002
6020.000 0.002
6030.000 0.002
6040.000 0.002
6050.000 0.002
6060.000 0.002
6070.000 0.003
6080.000 0.003
6090.000 0.003
6100.000 0.002
6110.000 0.003
6120.000 0.003
6130.000 0.003
6140.000 0.003
6150.000 0.003
6160.000 0.003
6170.000 0.003
6180.000 0.003
6190.000 0.003
6200.000 0.003
6210.000 0.003
6220.000 0.004
6230.000 0.003
6240.000 0.003
6250.000 0.004
6260.000 0.003
6270.000 0.004
6280.000 0.004
6290.000 0.004
6300.000 0.003
6310.000 0.004
6320.000 0.005
6330.000 0.004
6340.000 0.004
6350.000 0.004
6360.000 0.005
6370.000 0.004
6380.000 0.005
6390.000 0.005
6400.000 0.005
6410.000 0.005
6420.000 0.006
6430.000 0.006
6440.000 0.007
6450.000 0.007
6460.000 0.009
6470.000 0.008
6480.000 0.009
6490.000 0.010
6500.000 0.010
6510.000 0.011
6520.000 0.013
6530.000 0.013
6540.000 0.014
6550.000 0.017
6560.000 0.018
6570.000 0.020
6580.000 0.021
6590.000 0.024
6600.000 0.027
6610.000 0.028
6620.000 0.031
6630.000 0.033
6640.000 0.035
6650.000 0.037
6660.000 0.038
6670.000 0.038
6680.000 0.038
6690.000 0.038
6700.000 0.037
6710.000 0.037
6720.000 0.036
6730.000 0.036
6740.000 0.035
6750.000 0.034
6760.000 0.035
6770.000 0.033
6780.000 0.033
6790.000 0.032
6800.000 0.032
6810.000 0.032
6820.000 0.032
6830.000 0.031
6840.000 0.030
6850.000 0.031
6860.000 0.030
6870.000 0.031
6880.000 0.031
6890.000 0.031
6900.000 0.031
6910.000 0.032
6920.000 0.033
6930.000 0.033
6940.000 0.034
6950.000 0.035
6960.000 0.035
6970.000 0.036
6980.000 0.036
6990.000 0.036
7000.000 0.036
7010.000 0.035
7020.000 0.035
7030.000 0.035
7040.000 0.034
7050.000 0.033
7060.000 0.033
7070.000 0.030
7080.000 0.030
7090.000 0.028
7100.000 0.029
7110.000 0.028
7120.000 0.022
7130.000 0.032
7140.000 0.027
7150.000 0.025
7160.000 0.025
7170.000 0.024
7180.000 0.023
7190.000 0.023
7200.000 0.022
7210.000 0.022
7220.000 0.022
7230.000 0.022
7240.000 0.022
7250.000 0.023
7260.000 0.022
7270.000 0.022
7280.000 0.022
7290.000 0.022
7300.000 0.022
7310.000 0.023
7320.000 0.023
7330.000 0.024
7340.000 0.025
7350.000 0.024
7360.000 0.026
7370.000 0.027
7380.000 0.028
7390.000 0.027
7400.000 0.029
7410.000 0.030
7420.000 0.032
7430.000 0.032
7440.000 0.035
7450.000 0.036
7460.000 0.038
7470.000 0.039
7480.000 0.039
7490.000 0.041
7500.000 0.041
7510.000 0.040
7520.000 0.038
7530.000 0.039
7540.000 0.036
7550.000 0.035
7560.000 0.033
7570.000 0.029
7580.000 0.027
7590.000 0.026
7600.000 0.024
7610.000 0.023
7620.000 0.021
7630.000 0.020
7640.000 0.021
7650.000 0.018
7660.000 0.017
7670.000 0.017
7680.000 0.016
7690.000 0.015
7700.000 0.015
7710.000 0.015
7720.000 0.014
7730.000 0.015
7740.000 0.015
7750.000 0.014
7760.000 0.015
7770.000 0.014
7780.000 0.015
7790.000 0.015
7800.000 0.015
7810.000 0.015
7820.000 0.016
7830.000 0.016
7840.000 0.017
7850.000 0.018
7860.000 0.019
7870.000 0.021
7880.000 0.022
7890.000 0.025
7900.000 0.026
7910.000 0.029
7920.000 0.032
7930.000 0.031
7940.000 0.029
7950.000 0.027
7960.000 0.022
7970.000 0.018
7980.000 0.016
7990.000 0.014
8000.000 0.012
8010.000 0.010
8020.000 0.009
8030.000 0.009
8040.000 0.007
8050.000 0.007
8060.000 0.007
8070.000 0.005
8080.000 0.004
8090.000 0.004
8100.000 0.004
8110.000 0.003
8120.000 0.003
8130.000 0.003
8140.000 0.003
8150.000 0.003
8160.000 0.002
8170.000 0.003
8180.000 0.003
8190.000 0.002
8200.000 0.002
8210.000 0.002
8220.000 0.002
8230.000 0.002
8240.000 0.002
8250.000 0.002
8260.000 0.002
8270.000 0.002
8280.000 0.001
8290.000 0.001
8300.000 0.001
8310.000 0.001
8320.000 0.001
8330.000 0.001
8340.000 0.001
8350.000 0.001
8360.000 0.002
8370.000 0.001
8380.000 0.001
8390.000 0.001
8400.000 0.001
8410.000 0.001
8420.000 0.001
8430.000 0.001
8440.000 0.001
8450.000 0.001
8460.000 0.001
8470.000 0.001
8480.000 0.003
8490.000 0.001
8500.000 0.001
8510.000 0.001
8520.000 0.001
8530.000 0.001
8540.000 0.001
8550.000 0.001
8560.000 0.001
8570.000 0.001
8580.000 0.001
8590.000 0.001
8600.000 0.001
8610.000 0.001
8620.000 0.001
8630.000 0.001
8640.000 0.001
8650.000 0.001
8660.000 0.001
8670.000 0.000
8680.000 0.001
8690.000 0.001
8700.000 0.001
8710.000 0.001
8720.000 0.001
8730.000 0.001
8740.000 0.001
8750.000 0.001
8760.000 0.001
8770.000 0.002
8780.000 0.001
8790.000 0.001
8800.000 0.001
8810.000 0.001
8820.000 0.001
8830.000 0.001
8840.000 0.001
8850.000 0.002
8860.000 0.001
8870.000 0.001
8880.000 0.001
8890.000 0.001
8900.000 0.001
8910.000 0.002
8920.000 0.001
8930.000 0.001
8940.000 0.001
8950.000 0.001
8960.000 0.001
8970.000 0.001
8980.000 0.001
8990.000 0.002
9000.000 0.001
9010.000 0.001
9020.000 0.002
9030.000 0.001
9040.000 0.001
9050.000 0.001
9060.000 0.001
9070.000 0.001
9080.000 0.001
9090.000 0.001
9100.000 0.001
9110.000 0.001
9120.000 0.001
9130.000 0.001
9140.000 0.001
9150.000 0.001
9160.000 0.001
9170.000 0.001
9180.000 0.001
9190.000 0.001
9200.000 0.001
9210.000 0.001
9220.000 0.001
9230.000 0.001
9240.000 0.001
9250.000 0.001
9260.000 0.001
9270.000 0.001
9280.000 0.001
9290.000 0.001
9300.000 0.001
9310.000 0.001
9320.000 0.002
9330.000 0.001
9340.000 0.001
9350.000 0.001
9360.000 0.001
9370.000 0.001
9380.000 0.001
9390.000 0.001
9400.000 0.001
9410.000 0.002
9420.000 0.002
9430.000 0.001
9440.000 0.001
9450.000 0.002
9460.000 0.001
9470.000 0.002
9480.000 0.002
9490.000 0.002
9500.000 0.002
9510.000 0.001
9520.000 0.001
9530.000 0.001
9540.000 0.002
9550.000 0.002
9560.000 0.002
9570.000 0.002
9580.000 0.002
9590.000 0.002
9600.000 0.002
9610.000 0.002
9620.000 0.002
9630.000 0.002
9640.000 0.003
9650.000 0.002
9660.000 0.007
9670.000 0.006
9680.000 0.004
9690.000 0.003
9700.000 0.003
9710.000 0.003
9720.000 0.003
9730.000 0.004
9740.000 0.004
9750.000 0.004
9760.000 0.004
9770.000 0.005
9780.000 0.005
9790.000 0.006
9800.000 0.007
9810.000 0.007
9820.000 0.008
9830.000 0.010
9840.000 0.010
9850.000 0.012
9860.000 0.014
9870.000 0.017
9880.000 0.023
9890.000 0.026
9900.000 0.034
9910.000 0.040
9920.000 0.048
9930.000 0.048
9940.000 0.045
9950.000 0.037
9960.000 0.033
9970.000 0.029
9980.000 0.025
9990.000 0.024
10000.000 0.022
10010.000 0.021
10020.000 0.020
10030.000 0.021
10040.000 0.020
10050.000 0.020
10060.000 0.020
10070.000 0.021
10080.000 0.022
10090.000 0.022
10100.000 0.023
10110.000 0.024
10120.000 0.026
10130.000 0.029
10140.000 0.030
10150.000 0.035
10160.000 0.038
10170.000 0.044
10180.000 0.051
10190.000 0.055
10200.000 0.059
10210.000 0.059
10220.000 0.054
10230.000 0.045
10240.000 0.041
10250.000 0.034
10260.000 0.031
10270.000 0.027
10280.000 0.024
10290.000 0.023
10300.000 0.021
10310.000 0.020
10320.000 0.018
10330.000 0.017
10340.000 0.016
10350.000 0.015
10360.000 0.015
10370.000 0.015
10380.000 0.014
10390.000 0.014
10400.000 0.013
10410.000 0.013
10420.000 0.013
10430.000 0.013
10440.000 0.014
10450.000 0.013
10460.000 0.014
10470.000 0.014
10480.000 0.014
10490.000 0.015
10500.000 0.015
10510.000 0.016
10520.000 0.016
10530.000 0.018
10540.000 0.018
10550.000 0.021
10560.000 0.022
10570.000 0.026
10580.000 0.030
10590.000 0.032
10600.000 0.037
10610.000 0.039
10620.000 0.042
10630.000 0.041
10640.000 0.039
10650.000 0.034
10660.000 0.031
10670.000 0.025
10680.000 0.021
10690.000 0.020
10700.000 0.017
10710.000 0.016
10720.000 0.014
10730.000 0.013
10740.000 0.012
10750.000 0.011
10760.000 0.010
10770.000 0.009
10780.000 0.009
10790.000 0.009
10800.000 0.008
10810.000 0.008
10820.000 0.008
10830.000 0.008
10840.000 0.007
10850.000 0.007
10860.000 0.007
10870.000 0.007
10880.000 0.008
10890.000 0.007
10900.000 0.007
10910.000 0.008
10920.000 0.008
10930.000 0.009
10940.000 0.009
10950.000 0.009
10960.000 0.009
10970.000 0.011
10980.000 0.012
10990.000 0.013
11000.000 0.015
11010.000 0.016
11020.000 0.016
11030.000 0.015
11040.000 0.014
11050.000 0.010
11060.000 0.009
11070.000 0.007
11080.000 0.007
11090.000 0.006
11100.000 0.004
11110.000 0.004
11120.000 0.004
11130.000 0.004
11140.000 0.003
11150.000 0.003
11160.000 0.003
11170.000 0.002
11180.000 0.002
11190.000 0.002
11200.000 0.002
11210.000 0.002
11220.000 0.002
11230.000 0.002
11240.000 0.002
11250.000 0.002
11260.000 0.002
11270.000 0.002
11280.000 0.002
11290.000 0.001
11300.000 0.002
11310.000 0.002
11320.000 0.002
11330.000 0.002
11340.000 0.002
11350.000 0.001
11360.000 0.002
11370.000 0.002
11380.000 0.002
11390.000 0.002
11400.000 0.002
11410.000 0.002
11420.000 0.001
11430.000 0.001
11440.000 0.002
11450.000 0.002
11460.000 0.001
11470.000 0.001
11480.000 0.002
11490.000 0.002
11500.000 0.002
11510.000 0.002
11520.000 0.002
11530.000 0.002
11540.000 0.001
11550.000 0.002
11560.000 0.002
11570.000 0.001
11580.000 0.002
11590.000 0.002
11600.000 0.001
11610.000 0.002
11620.000 0.002
11630.000 0.002
11640.000 0.001
11650.000 0.002
11660.000 0.002
11670.000 0.002
11680.000 0.002
11690.000 0.002
11700.000 0.002
11710.000 0.002
11720.000 0.002
11730.000 0.002
11740.000 0.002
11750.000 0.002
11760.000 0.001
11770.000 0.002
11780.000 0.002
11790.000 0.002
11800.000 0.001
11810.000 0.002
11820.000 0.002
11830.000 0.002
11840.000 0.002
11850.000 0.002
11860.000 0.002
11870.000 0.002
11880.000 0.002
11890.000 0.002
11900.000 0.002
11910.000 0.002
11920.000 0.002
11930.000 0.002
11940.000 0.002
11950.000 0.001
11960.000 0.002
11970.000 0.002
11980.000 0.002
11990.000 0.002
12000.000 0.002
