110.000 0.107
120.000 0.058
130.000 0.069
140.000 0.111
150.000 0.116
160.000 0.068
170.000 0.101
180.000 0.069
190.000 0.115
200.000 0.081
210.000 0.133
220.000 0.080
230.000 0.077
240.000 0.060
250.000 0.065
260.000 0.032
270.000 0.068
280.000 0.061
290.000 0.054
300.000 0.054
310.000 0.046
320.000 0.046
330.000 0.041
340.000 0.039
350.000 0.089
360.000 0.067
370.000 0.041
380.000 0.138
390.000 0.227
400.000 0.298
410.000 0.227
420.000 0.151
430.000 0.367
440.000 0.385
450.000 0.259
460.000 0.309
470.000 0.258
480.000 0.270
490.000 0.151
500.000 0.128
510.000 0.240
520.000 0.063
530.000 0.099
540.000 0.128
550.000 0.150
560.000 0.193
570.000 0.175
580.000 0.235
590.000 0.203
600.000 0.281
610.000 0.123
620.000 0.256
630.000 0.085
640.000 0.043
650.000 0.049
660.000 0.072
670.000 0.029
680.000 0.023
690.000 0.026
700.000 0.035
710.000 0.028
720.000 0.044
730.000 0.022
740.000 0.023
750.000 0.055
760.000 0.029
770.000 0.026
780.000 0.050
790.000 0.030
800.000 0.033
810.000 0.033
820.000 0.053
830.000 0.033
840.000 0.156
850.000 0.046
860.000 0.147
870.000 0.047
880.000 0.023
890.000 0.031
900.000 0.025
910.000 0.021
920.000 0.021
930.000 0.017
940.000 0.019
950.000 0.017
960.000 0.018
970.000 0.015
980.000 0.014
990.000 0.015
1000.000 0.015
1010.000 0.014
1020.000 0.021
1030.000 0.019
1040.000 0.017
1050.000 0.018
1060.000 0.015
1070.000 0.017
1080.000 0.021
1090.000 0.022
1100.000 0.023
1110.000 0.025
1120.000 0.027
1130.000 0.034
1140.000 0.039
1150.000 0.049
1160.000 0.048
1170.000 0.042
1180.000 0.029
1190.000 0.025
1200.000 0.019
1210.000 0.016
1220.000 0.013
1230.000 0.008
1240.000 0.009
1250.000 0.009
1260.000 0.007
1270.000 0.006
1280.000 0.007
1290.000 0.007
1300.000 0.008
1310.000 0.008
1320.000 0.009
1330.000 0.010
1340.000 0.009
1350.000 0.010
1360.000 0.011
1370.000 0.011
1380.000 0.012
1390.000 0.015
1400.000 0.019
1410.000 0.015
1420.000 0.018
1430.000 0.022
1440.000 0.017
1450.000 0.030
1460.000 0.031
1470.000 0.046
1480.000 0.061
1490.000 0.074
1500.000 0.102
1510.000 0.109
1520.000 0.089
1530.000 0.065
1540.000 0.057
1550.000 0.047
1560.000 0.045
1570.000 0.040
1580.000 0.037
1590.000 0.035
1600.000 0.033
1610.000 0.033
1620.000 0.032
1630.000 0.032
1640.000 0.032
1650.000 0.032
1660.000 0.032
1670.000 0.033
1680.000 0.033
1690.000 0.034
1700.000 0.036
1710.000 0.036
1720.000 0.039
1730.000 0.040
1740.000 0.043
1750.000 0.048
1760.000 0.053
1770.000 0.060
1780.000 0.064
1790.000 0.077
1800.000 0.094
1810.000 0.106
1820.000 0.136
1830.000 0.156
1840.000 0.200
1850.000 0.216
1860.000 0.205
1870.000 0.164
1880.000 0.144
1890.000 0.119
1900.000 0.099
1910.000 0.093
1920.000 0.082
1930.000 0.079
1940.000 0.074
1950.000 0.070
1960.000 0.068
1970.000 0.067
1980.000 0.066
1990.000 0.066
2000.000 0.066
2010.000 0.066
2020.000 0.066
2030.000 0.067
2040.000 0.068
2050.000 0.071
2060.000 0.072
2070.000 0.075
2080.000 0.078
2090.000 0.082
2100.000 0.087
2110.000 0.090
2120.000 0.097
2130.000 0.102
2140.000 0.112
2150.000 0.126
2160.000 0.134
2170.000 0.153
2180.000 0.163
2190.000 0.184
2200.000 0.207
2210.000 0.212
2220.000 0.211
2230.000 0.202
2240.000 0.176
2250.000 0.143
2260.000 0.146
2270.000 0.120
2280.000 0.119
2290.000 0.106
2300.000 0.094
2310.000 0.090
2320.000 0.080
2330.000 0.076
2340.000 0.069
2350.000 0.064
2360.000 0.061
2370.000 0.059
2380.000 0.057
2390.000 0.054
2400.000 0.053
2410.000 0.052
2420.000 0.052
2430.000 0.052
2440.000 0.052
2450.000 0.053
2460.000 0.054
2470.000 0.057
2480.000 0.058
2490.000 0.062
2500.000 0.067
2510.000 0.069
2520.000 0.076
2530.000 0.079
2540.000 0.090
2550.000 0.101
2560.000 0.109
2570.000 0.126
2580.000 0.134
2590.000 0.150
2600.000 0.143
2610.000 0.131
2620.000 0.104
2630.000 0.092
2640.000 0.075
2650.000 0.061
2660.000 0.059
2670.000 0.050
2680.000 0.047
2690.000 0.043
2700.000 0.039
2710.000 0.038
2720.000 0.036
2730.000 0.035
2740.000 0.034
2750.000 0.033
2760.000 0.032
2770.000 0.033
2780.000 0.033
2790.000 0.034
2800.000 0.034
2810.000 0.034
2820.000 0.036
2830.000 0.037
2840.000 0.039
2850.000 0.040
2860.000 0.045
2870.000 0.049
2880.000 0.054
2890.000 0.064
2900.000 0.070
2910.000 0.088
2920.000 0.119
2930.000 0.138
2940.000 0.170
2950.000 0.166
2960.000 0.121
2970.000 0.084
2980.000 0.074
2990.000 0.057
3000.000 0.052
3010.000 0.044
3020.000 0.038
3030.000 0.035
3040.000 0.032
3050.000 0.031
3060.000 0.029
3070.000 0.027
3080.000 0.027
3090.000 0.026
3100.000 0.026
3110.000 0.025
3120.000 0.024
3130.000 0.024
3140.000 0.024
3150.000 0.025
3160.000 0.025
3170.000 0.027
3180.000 0.027
3190.000 0.029
3200.000 0.031
3210.000 0.036
3220.000 0.039
3230.000 0.043
3240.000 0.048
3250.000 0.055
3260.000 0.071
3270.000 0.094
3280.000 0.111
3290.000 0.145
3300.000 0.147
3310.000 0.106
3320.000 0.071
3330.000 0.061
3340.000 0.048
3350.000 0.043
3360.000 0.036
3370.000 0.032
3380.000 0.030
3390.000 0.028
3400.000 0.026
3410.000 0.025
3420.000 0.023
3430.000 0.023
3440.000 0.022
3450.000 0.022
3460.000 0.021
3470.000 0.021
3480.000 0.021
3490.000 0.022
3500.000 0.022
3510.000 0.023
3520.000 0.023
3530.000 0.024
3540.000 0.025
3550.000 0.026
3560.000 0.029
3570.000 0.032
3580.000 0.034
3590.000 0.040
3600.000 0.043
3610.000 0.055
3620.000 0.074
3630.000 0.086
3640.000 0.119
3650.000 0.131
3660.000 0.113
3670.000 0.071
3680.000 0.059
3690.000 0.045
3700.000 0.040
3710.000 0.033
3720.000 0.027
3730.000 0.026
3740.000 0.023
3750.000 0.022
3760.000 0.020
3770.000 0.019
3780.000 0.019
3790.000 0.019
3800.000 0.016
3810.000 0.018
3820.000 0.016
3830.000 0.016
3840.000 0.016
3850.000 0.017
3860.000 0.017
3870.000 0.017
3880.000 0.017
3890.000 0.019
3900.000 0.020
3910.000 0.021
3920.000 0.022
3930.000 0.026
3940.000 0.030
3950.000 0.033
3960.000 0.040
3970.000 0.046
3980.000 0.061
3990.000 0.089
4000.000 0.104
4010.000 0.114
4020.000 0.096
4030.000 0.062
4040.000 0.044
4050.000 0.039
4060.000 0.032
4070.000 0.029
4080.000 0.025
4090.000 0.023
4100.000 0.022
4110.000 0.019
4120.000 0.019
4130.000 0.018
4140.000 0.017
4150.000 0.016
4160.000 0.017
4170.000 0.016
4180.000 0.016
4190.000 0.016
4200.000 0.017
4210.000 0.016
4220.000 0.017
4230.000 0.017
4240.000 0.018
4250.000 0.019
4260.000 0.020
4270.000 0.021
4280.000 0.023
4290.000 0.026
4300.000 0.029
4310.000 0.034
4320.000 0.037
4330.000 0.046
4340.000 0.063
4350.000 0.073
4360.000 0.096
4370.000 0.095
4380.000 0.064
4390.000 0.042
4400.000 0.035
4410.000 0.026
4420.000 0.022
4430.000 0.018
4440.000 0.016
4450.000 0.014
4460.000 0.013
4470.000 0.013
4480.000 0.012
4490.000 0.012
4500.000 0.012
4510.000 0.012
4520.000 0.011
4530.000 0.012
4540.000 0.013
4550.000 0.012
4560.000 0.013
4570.000 0.014
4580.000 0.014
4590.000 0.016
4600.000 0.018
4610.000 0.020
4620.000 0.026
4630.000 0.025
4640.000 0.028
4650.000 0.032
4660.000 0.040
4670.000 0.044
4680.000 0.057
4690.000 0.079
4700.000 0.094
4710.000 0.136
4720.000 0.155
4730.000 0.146
4740.000 0.100
4750.000 0.085
4760.000 0.064
4770.000 0.058
4780.000 0.048
4790.000 0.041
4800.000 0.038
4810.000 0.034
4820.000 0.033
4830.000 0.030
4840.000 0.027
4850.000 0.027
4860.000 0.025
4870.000 0.025
4880.000 0.024
4890.000 0.023
4900.000 0.023
4910.000 0.023
4920.000 0.023
4930.000 0.023
4940.000 0.023
4950.000 0.024
4960.000 0.026
4970.000 0.026
4980.000 0.028
4990.000 0.030
5000.000 0.032
5010.000 0.036
5020.000 0.040
5030.000 0.048
5040.000 0.060
5050.000 0.068
5060.000 0.090
5070.000 0.105
5080.000 0.116
5090.000 0.087
5100.000 0.069
5110.000 0.051
5120.000 0.045
5130.000 0.035
5140.000 0.032
5150.000 0.028
5160.000 0.025
5170.000 0.023
5180.000 0.021
5190.000 0.019
5200.000 0.018
5210.000 0.017
5220.000 0.018
5230.000 0.016
5240.000 0.016
5250.000 0.015
5260.000 0.016
5270.000 0.015
5280.000 0.015
5290.000 0.015
5300.000 0.016
5310.000 0.017
5320.000 0.018
5330.000 0.019
5340.000 0.020
5350.000 0.020
5360.000 0.025
5370.000 0.026
5380.000 0.031
5390.000 0.035
5400.000 0.043
5410.000 0.056
5420.000 0.063
5430.000 0.077
5440.000 0.078
5450.000 0.066
5460.000 0.049
5470.000 0.043
5480.000 0.035
5490.000 0.031
5500.000 0.026
5510.000 0.023
5520.000 0.022
5530.000 0.019
5540.000 0.018
5550.000 0.018
5560.000 0.017
5570.000 0.016
5580.000 0.016
5590.000 0.016
5600.000 0.015
5610.000 0.015
5620.000 0.015
5630.000 0.015
5640.000 0.015
5650.000 0.016
5660.000 0.016
5670.000 0.016
5680.000 0.017
5690.000 0.018
5700.000 0.019
5710.000 0.021
5720.000 0.022
5730.000 0.026
5740.000 0.027
5750.000 0.033
5760.000 0.035
5770.000 0.043
5780.000 0.051
5790.000 0.055
5800.000 0.056
5810.000 0.054
5820.000 0.044
5830.000 0.036
5840.000 0.033
5850.000 0.028
5860.000 0.025
5870.000 0.022
5880.000 0.019
5890.000 0.018
5900.000 0.017
5910.000 0.016
5920.000 0.015
5930.000 0.014
5940.000 0.014
5950.000 0.013
5960.000 0.013
5970.000 0.013
5980.000 0.013
5990.000 0.013
6000.000 0.013
6010.000 0.013
6020.000 0.013
6030.000 0.014
6040.000 0.015
6050.000 0.015
6060.000 0.017
6070.000 0.017
6080.000 0.020
6090.000 0.020
6100.000 0.024
6110.000 0.029
6120.000 0.031
6130.000 0.039
6140.000 0.043
6150.000 0.053
6160.000 0.059
6170.000 0.058
6180.000 0.048
6190.000 0.042
6200.000 0.032
6210.000 0.027
6220.000 0.024
6230.000 0.021
6240.000 0.020
6250.000 0.017
6260.000 0.016
6270.000 0.015
6280.000 0.015
6290.000 0.014
6300.000 0.013
6310.000 0.013
6320.000 0.013
6330.000 0.012
6340.000 0.013
6350.000 0.013
6360.000 0.013
6370.000 0.013
6380.000 0.014
6390.000 0.014
6400.000 0.015
6410.000 0.016
6420.000 0.016
6430.000 0.018
6440.000 0.018
6450.000 0.022
6460.000 0.022
6470.000 0.027
6480.000 0.033
6490.000 0.037
6500.000 0.046
6510.000 0.051
6520.000 0.057
6530.000 0.050
6540.000 0.044
6550.000 0.034
6560.000 0.029
6570.000 0.025
6580.000 0.022
6590.000 0.018
6600.000 0.017
6610.000 0.016
6620.000 0.015
6630.000 0.014
6640.000 0.013
6650.000 0.012
6660.000 0.014
6670.000 0.052
6680.000 0.040
6690.000 0.023
6700.000 0.068
6710.000 0.032
6720.000 0.014
6730.000 0.017
6740.000 0.013
6750.000 0.013
6760.000 0.015
6770.000 0.014
6780.000 0.015
6790.000 0.017
6800.000 0.019
6810.000 0.020
6820.000 0.024
6830.000 0.028
6840.000 0.032
6850.000 0.037
6860.000 0.041
6870.000 0.045
6880.000 0.047
6890.000 0.045
6900.000 0.021
6910.000 0.030
6920.000 0.022
6930.000 0.019
6940.000 0.016
6950.000 0.016
6960.000 0.014
6970.000 0.013
6980.000 0.011
6990.000 0.011
7000.000 0.010
7010.000 0.011
7020.000 0.009
7030.000 0.010
7040.000 0.009
7050.000 0.010
7060.000 0.010
7070.000 0.010
7080.000 0.010
7090.000 0.010
7100.000 0.011
7110.000 0.010
7120.000 0.011
7130.000 0.011
7140.000 0.012
7150.000 0.013
7160.000 0.013
7170.000 0.016
7180.000 0.016
7190.000 0.019
7200.000 0.022
7210.000 0.024
7220.000 0.028
7230.000 0.030
7240.000 0.032
7250.000 0.030
7260.000 0.029
7270.000 0.024
7280.000 0.022
7290.000 0.019
7300.000 0.017
7310.000 0.015
7320.000 0.014
7330.000 0.013
7340.000 0.012
7350.000 0.011
7360.000 0.011
7370.000 0.010
7380.000 0.010
7390.000 0.010
7400.000 0.010
7410.000 0.009
7420.000 0.009
7430.000 0.009
7440.000 0.009
7450.000 0.010
7460.000 0.010
7470.000 0.011
7480.000 0.010
7490.000 0.011
7500.000 0.012
7510.000 0.012
7520.000 0.013
7530.000 0.014
7540.000 0.016
7550.000 0.018
7560.000 0.019
7570.000 0.022
7580.000 0.024
7590.000 0.028
7600.000 0.032
7610.000 0.030
7620.000 0.029
7630.000 0.028
7640.000 0.024
7650.000 0.020
7660.000 0.019
7670.000 0.016
7680.000 0.015
7690.000 0.014
7700.000 0.013
7710.000 0.012
7720.000 0.011
7730.000 0.011
7740.000 0.010
7750.000 0.010
7760.000 0.009
7770.000 0.010
7780.000 0.010
7790.000 0.009
7800.000 0.009
7810.000 0.010
7820.000 0.010
7830.000 0.010
7840.000 0.010
7850.000 0.010
7860.000 0.011
7870.000 0.012
7880.000 0.013
7890.000 0.014
7900.000 0.015
7910.000 0.016
7920.000 0.019
7930.000 0.021
7940.000 0.024
7950.000 0.029
7960.000 0.032
7970.000 0.036
7980.000 0.036
7990.000 0.032
8000.000 0.027
8010.000 0.024
8020.000 0.020
8030.000 0.018
8040.000 0.016
8050.000 0.014
8060.000 0.013
8070.000 0.011
8080.000 0.010
8090.000 0.010
8100.000 0.010
8110.000 0.011
8120.000 0.009
8130.000 0.009
8140.000 0.009
8150.000 0.009
8160.000 0.009
8170.000 0.009
8180.000 0.010
8190.000 0.010
8200.000 0.009
8210.000 0.010
8220.000 0.011
8230.000 0.011
8240.000 0.011
8250.000 0.012
8260.000 0.014
8270.000 0.016
8280.000 0.017
8290.000 0.020
8300.000 0.022
8310.000 0.027
8320.000 0.032
8330.000 0.034
8340.000 0.035
8350.000 0.033
8360.000 0.028
8370.000 0.023
8380.000 0.021
8390.000 0.019
8400.000 0.016
8410.000 0.014
8420.000 0.012
8430.000 0.012
8440.000 0.011
8450.000 0.010
8460.000 0.010
8470.000 0.009
8480.000 0.009
8490.000 0.009
8500.000 0.009
8510.000 0.009
8520.000 0.009
8530.000 0.009
8540.000 0.009
8550.000 0.009
8560.000 0.009
8570.000 0.009
8580.000 0.010
8590.000 0.011
8600.000 0.011
8610.000 0.012
8620.000 0.014
8630.000 0.015
8640.000 0.018
8650.000 0.019
8660.000 0.023
8670.000 0.029
8680.000 0.033
8690.000 0.039
8700.000 0.041
8710.000 0.036
8720.000 0.027
8730.000 0.024
8740.000 0.020
8750.000 0.017
8760.000 0.014
8770.000 0.013
8780.000 0.012
8790.000 0.011
8800.000 0.010
8810.000 0.010
8820.000 0.009
8830.000 0.009
8840.000 0.008
8850.000 0.008
8860.000 0.009
8870.000 0.008
8880.000 0.008
8890.000 0.009
8900.000 0.008
8910.000 0.009
8920.000 0.009
8930.000 0.009
8940.000 0.010
8950.000 0.010
8960.000 0.011
8970.000 0.012
8980.000 0.013
8990.000 0.014
9000.000 0.016
9010.000 0.019
9020.000 0.024
9030.000 0.027
9040.000 0.035
9050.000 0.037
9060.000 0.040
9070.000 0.029
9080.000 0.026
9090.000 0.019
9100.000 0.017
9110.000 0.013
9120.000 0.012
9130.000 0.012
9140.000 0.010
9150.000 0.009
9160.000 0.008
9170.000 0.008
9180.000 0.008
9190.000 0.008
9200.000 0.007
9210.000 0.007
9220.000 0.007
9230.000 0.007
9240.000 0.008
9250.000 0.007
9260.000 0.008
9270.000 0.007
9280.000 0.007
9290.000 0.007
9300.000 0.008
9310.000 0.008
9320.000 0.009
9330.000 0.010
9340.000 0.012
9350.000 0.013
9360.000 0.015
9370.000 0.017
9380.000 0.020
9390.000 0.026
9400.000 0.030
9410.000 0.038
9420.000 0.038
9430.000 0.031
9440.000 0.022
9450.000 0.020
9460.000 0.016
9470.000 0.014
9480.000 0.012
9490.000 0.010
9500.000 0.010
9510.000 0.009
9520.000 0.009
9530.000 0.009
9540.000 0.008
9550.000 0.008
9560.000 0.007
9570.000 0.007
9580.000 0.007
9590.000 0.007
9600.000 0.007
9610.000 0.007
9620.000 0.007
9630.000 0.007
9640.000 0.007
9650.000 0.007
9660.000 0.008
9670.000 0.009
9680.000 0.009
9690.000 0.010
9700.000 0.010
9710.000 0.012
9720.000 0.013
9730.000 0.015
9740.000 0.020
9750.000 0.022
9760.000 0.030
9770.000 0.032
9780.000 0.034
9790.000 0.026
9800.000 0.022
9810.000 0.017
9820.000 0.014
9830.000 0.012
9840.000 0.010
9850.000 0.009
9860.000 0.009
9870.000 0.008
9880.000 0.007
9890.000 0.007
9900.000 0.007
9910.000 0.006
9920.000 0.006
9930.000 0.006
9940.000 0.006
9950.000 0.007
9960.000 0.006
9970.000 0.006
9980.000 0.006
9990.000 0.007
