110.000 0.049
120.000 0.085
130.000 0.065
140.000 0.064
150.000 0.059
160.000 0.056
170.000 0.053
180.000 0.054
190.000 0.050
200.000 0.046
210.000 0.040
220.000 0.040
230.000 0.038
240.000 0.035
250.000 0.034
260.000 0.033
270.000 0.036
280.000 0.031
290.000 0.032
300.000 0.030
310.000 0.030
320.000 0.029
330.000 0.029
340.000 0.029
350.000 0.029
360.000 0.028
370.000 0.029
380.000 0.029
390.000 0.030
400.000 0.031
410.000 0.032
420.000 0.034
430.000 0.036
440.000 0.039
450.000 0.040
460.000 0.040
470.000 0.039
480.000 0.036
490.000 0.032
500.000 0.028
510.000 0.027
520.000 0.024
530.000 0.024
540.000 0.022
550.000 0.021
560.000 0.019
570.000 0.018
580.000 0.018
590.000 0.017
600.000 0.017
610.000 0.016
620.000 0.016
630.000 0.015
640.000 0.015
650.000 0.014
660.000 0.014
670.000 0.015
680.000 0.014
690.000 0.014
700.000 0.014
710.000 0.013
720.000 0.013
730.000 0.013
740.000 0.013
750.000 0.012
760.000 0.013
770.000 0.012
780.000 0.012
790.000 0.012
800.000 0.012
810.000 0.011
820.000 0.011
830.000 0.011
840.000 0.011
850.000 0.011
860.000 0.011
870.000 0.010
880.000 0.011
890.000 0.011
900.000 0.011
910.000 0.010
920.000 0.010
930.000 0.010
940.000 0.010
950.000 0.011
960.000 0.009
970.000 0.009
980.000 0.009
990.000 0.009
1000.000 0.010
1010.000 0.010
1020.000 0.009
1030.000 0.009
1040.000 0.009
1050.000 0.009
1060.000 0.009
1070.000 0.009
1080.000 0.009
1090.000 0.008
1100.000 0.009
1110.000 0.009
1120.000 0.008
1130.000 0.008
1140.000 0.008
1150.000 0.008
1160.000 0.008
1170.000 0.008
1180.000 0.008
1190.000 0.008
1200.000 0.007
1210.000 0.007
1220.000 0.008
1230.000 0.008
1240.000 0.008
1250.000 0.008
1260.000 0.008
1270.000 0.007
1280.000 0.007
1290.000 0.007
1300.000 0.008
1310.000 0.007
1320.000 0.008
1330.000 0.007
1340.000 0.007
1350.000 0.008
1360.000 0.008
1370.000 0.008
1380.000 0.007
1390.000 0.007
1400.000 0.007
1410.000 0.008
1420.000 0.006
1430.000 0.007
1440.000 0.007
1450.000 0.007
1460.000 0.007
1470.000 0.007
1480.000 0.007
1490.000 0.007
1500.000 0.007
1510.000 0.008
1520.000 0.007
1530.000 0.007
1540.000 0.007
1550.000 0.008
1560.000 0.008
1570.000 0.007
1580.000 0.008
1590.000 0.008
1600.000 0.008
1610.000 0.008
1620.000 0.008
1630.000 0.008
1640.000 0.009
1650.000 0.009
1660.000 0.008
1670.000 0.009
1680.000 0.009
1690.000 0.010
1700.000 0.009
1710.000 0.008
1720.000 0.010
1730.000 0.009
1740.000 0.010
1750.000 0.010
1760.000 0.010
1770.000 0.011
1780.000 0.011
1790.000 0.011
1800.000 0.011
1810.000 0.013
1820.000 0.013
1830.000 0.013
1840.000 0.013
1850.000 0.013
1860.000 0.013
1870.000 0.012
1880.000 0.013
1890.000 0.012
1900.000 0.013
1910.000 0.013
1920.000 0.012
1930.000 0.012
1940.000 0.011
1950.000 0.011
1960.000 0.011
1970.000 0.010
1980.000 0.010
1990.000 0.010
2000.000 0.010
2010.000 0.010
2020.000 0.010
2030.000 0.009
2040.000 0.009
2050.000 0.010
2060.000 0.009
2070.000 0.009
2080.000 0.009
2090.000 0.009
2100.000 0.009
2110.000 0.009
2120.000 0.009
2130.000 0.009
2140.000 0.009
2150.000 0.009
2160.000 0.010
2170.000 0.009
2180.000 0.010
2190.000 0.010
2200.000 0.010
2210.000 0.011
2220.000 0.011
2230.000 0.012
2240.000 0.013
2250.000 0.013
2260.000 0.015
2270.000 0.015
2280.000 0.016
2290.000 0.009
2300.000 0.038
2310.000 0.124
2320.000 0.027
2330.000 0.026
2340.000 0.014
2350.000 0.012
2360.000 0.009
2370.000 0.008
2380.000 0.008
2390.000 0.006
2400.000 0.005
2410.000 0.005
2420.000 0.004
2430.000 0.004
2440.000 0.003
2450.000 0.004
2460.000 0.004
2470.000 0.003
2480.000 0.004
2490.000 0.003
2500.000 0.003
2510.000 0.003
2520.000 0.003
2530.000 0.003
2540.000 0.003
2550.000 0.003
2560.000 0.003
2570.000 0.003
2580.000 0.003
2590.000 0.003
2600.000 0.003
2610.000 0.003
2620.000 0.003
2630.000 0.003
2640.000 0.004
2650.000 0.003
2660.000 0.003
2670.000 0.003
2680.000 0.004
2690.000 0.004
2700.000 0.003
2710.000 0.003
2720.000 0.003
2730.000 0.003
2740.000 0.003
2750.000 0.003
2760.000 0.004
2770.000 0.003
2780.000 0.003
2790.000 0.003
2800.000 0.004
2810.000 0.003
2820.000 0.003
2830.000 0.004
2840.000 0.004
2850.000 0.004
2860.000 0.004
2870.000 0.004
2880.000 0.004
2890.000 0.004
2900.000 0.004
2910.000 0.004
2920.000 0.004
2930.000 0.005
2940.000 0.005
2950.000 0.004
2960.000 0.005
2970.000 0.005
2980.000 0.005
2990.000 0.005
3000.000 0.004
3010.000 0.005
3020.000 0.005
3030.000 0.005
3040.000 0.005
3050.000 0.006
3060.000 0.005
3070.000 0.006
3080.000 0.006
3090.000 0.006
3100.000 0.006
3110.000 0.006
3120.000 0.007
3130.000 0.006
3140.000 0.006
3150.000 0.006
3160.000 0.005
3170.000 0.006
3180.000 0.006
3190.000 0.006
3200.000 0.006
3210.000 0.007
3220.000 0.007
3230.000 0.006
3240.000 0.006
3250.000 0.007
3260.000 0.007
3270.000 0.007
3280.000 0.007
3290.000 0.006
3300.000 0.007
3310.000 0.007
3320.000 0.007
3330.000 0.007
3340.000 0.007
3350.000 0.007
3360.000 0.008
3370.000 0.008
3380.000 0.008
3390.000 0.009
3400.000 0.009
3410.000 0.009
3420.000 0.010
3430.000 0.010
3440.000 0.010
3450.000 0.011
3460.000 0.011
3470.000 0.012
3480.000 0.011
3490.000 0.012
3500.000 0.013
3510.000 0.014
3520.000 0.015
3530.000 0.016
3540.000 0.016
3550.000 0.018
3560.000 0.020
3570.000 0.021
3580.000 0.023
3590.000 0.025
3600.000 0.029
3610.000 0.034
3620.000 0.038
3630.000 0.047
3640.000 0.052
3650.000 0.070
3660.000 0.104
3670.000 0.132
3680.000 0.252
3690.000 0.340
3700.000 0.148
3710.000 0.088
3720.000 0.074
3730.000 0.055
3740.000 0.049
3750.000 0.040
3760.000 0.034
3770.000 0.032
3780.000 0.028
3790.000 0.026
3800.000 0.024
3810.000 0.022
3820.000 0.021
3830.000 0.020
3840.000 0.018
3850.000 0.018
3860.000 0.016
3870.000 0.016
3880.000 0.015
3890.000 0.015
3900.000 0.014
3910.000 0.014
3920.000 0.013
3930.000 0.012
3940.000 0.012
3950.000 0.011
3960.000 0.011
3970.000 0.011
3980.000 0.010
3990.000 0.010
4000.000 0.010
4010.000 0.010
4020.000 0.010
4030.000 0.009
4040.000 0.009
4050.000 0.010
4060.000 0.009
4070.000 0.009
4080.000 0.009
4090.000 0.009
4100.000 0.009
4110.000 0.008
4120.000 0.008
4130.000 0.008
4140.000 0.008
4150.000 0.008
4160.000 0.007
4170.000 0.007
4180.000 0.009
4190.000 0.008
4200.000 0.008
4210.000 0.008
4220.000 0.008
4230.000 0.008
4240.000 0.008
4250.000 0.008
4260.000 0.008
4270.000 0.008
4280.000 0.008
4290.000 0.008
4300.000 0.008
4310.000 0.007
4320.000 0.008
4330.000 0.008
4340.000 0.007
4350.000 0.008
4360.000 0.007
4370.000 0.006
4380.000 0.006
4390.000 0.006
4400.000 0.006
4410.000 0.006
4420.000 0.006
4430.000 0.006
4440.000 0.006
4450.000 0.006
4460.000 0.006
4470.000 0.006
4480.000 0.006
4490.000 0.006
4500.000 0.007
4510.000 0.007
4520.000 0.006
4530.000 0.007
4540.000 0.007
4550.000 0.007
4560.000 0.007
4570.000 0.007
4580.000 0.007
4590.000 0.007
4600.000 0.007
4610.000 0.007
4620.000 0.008
4630.000 0.008
4640.000 0.008
4650.000 0.008
4660.000 0.008
4670.000 0.009
4680.000 0.009
4690.000 0.009
4700.000 0.009
4710.000 0.010
4720.000 0.010
4730.000 0.011
4740.000 0.011
4750.000 0.012
4760.000 0.012
4770.000 0.013
4780.000 0.014
4790.000 0.014
4800.000 0.016
4810.000 0.016
4820.000 0.018
4830.000 0.020
4840.000 0.021
4850.000 0.024
4860.000 0.026
4870.000 0.030
4880.000 0.036
4890.000 0.039
4900.000 0.049
4910.000 0.057
4920.000 0.077
4930.000 0.120
4940.000 0.159
4950.000 0.253
4960.000 0.167
4970.000 0.262
4980.000 0.099
4990.000 0.082
5000.000 0.067
5010.000 0.061
5020.000 0.050
5030.000 0.044
5040.000 0.041
5050.000 0.036
5060.000 0.035
5070.000 0.031
5080.000 0.029
5090.000 0.028
5100.000 0.026
5110.000 0.025
5120.000 0.023
5130.000 0.022
5140.000 0.021
5150.000 0.020
5160.000 0.020
5170.000 0.019
5180.000 0.018
5190.000 0.017
5200.000 0.017
5210.000 0.016
5220.000 0.015
5230.000 0.014
5240.000 0.013
5250.000 0.013
5260.000 0.013
5270.000 0.012
5280.000 0.011
5290.000 0.011
5300.000 0.010
5310.000 0.010
5320.000 0.010
5330.000 0.009
5340.000 0.010
5350.000 0.008
5360.000 0.008
5370.000 0.008
5380.000 0.007
5390.000 0.008
5400.000 0.007
5410.000 0.007
5420.000 0.006
5430.000 0.007
5440.000 0.006
5450.000 0.006
5460.000 0.006
5470.000 0.005
5480.000 0.005
5490.000 0.005
5500.000 0.005
5510.000 0.005
5520.000 0.005
5530.000 0.004
5540.000 0.004
5550.000 0.004
5560.000 0.005
5570.000 0.004
5580.000 0.004
5590.000 0.004
5600.000 0.004
5610.000 0.004
5620.000 0.003
5630.000 0.003
5640.000 0.003
5650.000 0.003
5660.000 0.003
5670.000 0.003
5680.000 0.003
5690.000 0.002
5700.000 0.002
5710.000 0.003
5720.000 0.002
5730.000 0.002
5740.000 0.002
5750.000 0.002
5760.000 0.002
5770.000 0.002
5780.000 0.001
5790.000 0.001
5800.000 0.001
5810.000 0.001
5820.000 0.001
5830.000 0.001
5840.000 0.001
5850.000 0.001
5860.000 0.001
5870.000 0.001
5880.000 0.001
5890.000 0.001
5900.000 0.001
5910.000 0.001
5920.000 0.001
5930.000 0.001
5940.000 0.001
5950.000 0.002
5960.000 0.001
5970.000 0.002
5980.000 0.003
5990.000 0.003
6000.000 0.002
6010.000 0.003
6020.000 0.003
6030.000 0.004
6040.000 0.004
6050.000 0.004
6060.000 0.004
6070.000 0.005
6080.000 0.005
6090.000 0.006
6100.000 0.007
6110.000 0.007
6120.000 0.008
6130.000 0.008
6140.000 0.011
6150.000 0.020
6160.000 0.029
6170.000 0.065
6180.000 0.092
6190.000 0.151
6200.000 0.170
6210.000 0.162
6220.000 0.073
6230.000 0.069
6240.000 0.052
6250.000 0.045
6260.000 0.036
6270.000 0.030
6280.000 0.028
6290.000 0.024
6300.000 0.024
6310.000 0.021
6320.000 0.019
6330.000 0.018
6340.000 0.017
6350.000 0.016
6360.000 0.015
6370.000 0.015
6380.000 0.014
6390.000 0.014
6400.000 0.014
6410.000 0.013
6420.000 0.013
6430.000 0.013
6440.000 0.013
6450.000 0.013
6460.000 0.013
6470.000 0.013
6480.000 0.014
6490.000 0.014
6500.000 0.015
6510.000 0.018
6520.000 0.027
6530.000 0.037
6540.000 0.084
6550.000 0.051
6560.000 0.031
6570.000 0.011
6580.000 0.009
6590.000 0.004
6600.000 0.003
6610.000 0.004
6620.000 0.004
6630.000 0.004
6640.000 0.004
6650.000 0.005
6660.000 0.005
6670.000 0.005
6680.000 0.005
6690.000 0.005
6700.000 0.006
6710.000 0.006
6720.000 0.006
6730.000 0.006
6740.000 0.006
6750.000 0.006
6760.000 0.006
6770.000 0.006
6780.000 0.006
6790.000 0.006
6800.000 0.006
6810.000 0.007
6820.000 0.006
6830.000 0.007
6840.000 0.007
6850.000 0.007
6860.000 0.007
6870.000 0.007
6880.000 0.007
6890.000 0.008
6900.000 0.008
6910.000 0.008
6920.000 0.008
6930.000 0.008
6940.000 0.008
6950.000 0.008
6960.000 0.008
6970.000 0.008
6980.000 0.009
6990.000 0.009
7000.000 0.009
7010.000 0.009
7020.000 0.009
7030.000 0.009
7040.000 0.010
7050.000 0.010
7060.000 0.010
7070.000 0.011
7080.000 0.011
7090.000 0.011
7100.000 0.012
7110.000 0.012
7120.000 0.012
7130.000 0.013
7140.000 0.013
7150.000 0.014
7160.000 0.014
7170.000 0.015
7180.000 0.016
7190.000 0.016
7200.000 0.017
7210.000 0.018
7220.000 0.020
7230.000 0.020
7240.000 0.022
7250.000 0.023
7260.000 0.025
7270.000 0.026
7280.000 0.028
7290.000 0.032
7300.000 0.034
7310.000 0.039
7320.000 0.045
7330.000 0.049
7340.000 0.060
7350.000 0.068
7360.000 0.090
7370.000 0.128
7380.000 0.155
7390.000 0.220
7400.000 0.230
7410.000 0.149
7420.000 0.112
7430.000 0.055
7440.000 0.056
7450.000 0.048
7460.000 0.036
7470.000 0.035
7480.000 0.031
7490.000 0.027
7500.000 0.026
7510.000 0.023
7520.000 0.022
7530.000 0.020
7540.000 0.018
7550.000 0.018
7560.000 0.016
7570.000 0.016
7580.000 0.015
7590.000 0.014
7600.000 0.013
7610.000 0.012
7620.000 0.012
7630.000 0.011
7640.000 0.010
7650.000 0.010
7660.000 0.009
7670.000 0.010
7680.000 0.009
7690.000 0.008
7700.000 0.008
7710.000 0.008
7720.000 0.008
7730.000 0.008
7740.000 0.007
7750.000 0.007
7760.000 0.006
7770.000 0.006
7780.000 0.006
7790.000 0.005
7800.000 0.005
7810.000 0.005
7820.000 0.005
7830.000 0.004
7840.000 0.004
7850.000 0.004
7860.000 0.003
7870.000 0.003
7880.000 0.003
7890.000 0.003
7900.000 0.002
7910.000 0.001
7920.000 0.001
7930.000 0.001
7940.000 0.002
7950.000 0.002
7960.000 0.005
7970.000 0.006
7980.000 0.010
7990.000 0.019
8000.000 0.031
