10.000 0.092
20.000 0.547
30.000 0.066
40.000 0.230
50.000 0.135
60.000 0.162
70.000 0.155
80.000 0.131
90.000 0.087
100.000 0.079
110.000 0.087
120.000 0.070
130.000 0.077
140.000 0.059
150.000 0.061
160.000 0.056
170.000 0.062
180.000 0.073
190.000 0.047
200.000 0.054
210.000 0.050
220.000 0.043
230.000 0.068
240.000 0.063
250.000 0.063
260.000 0.071
270.000 0.057
280.000 0.040
290.000 0.033
300.000 0.042
310.000 0.041
320.000 0.041
330.000 0.030
340.000 0.042
350.000 0.030
360.000 0.038
370.000 0.026
380.000 0.030
390.000 0.026
400.000 0.030
410.000 0.027
420.000 0.023
430.000 0.028
440.000 0.030
450.000 0.044
460.000 0.078
470.000 0.072
480.000 0.114
490.000 0.122
500.000 0.087
510.000 0.076
520.000 0.068
530.000 0.067
540.000 0.072
550.000 0.071
560.000 0.074
570.000 0.073
580.000 0.073
590.000 0.074
600.000 0.071
610.000 0.064
620.000 0.065
630.000 0.058
640.000 0.058
650.000 0.059
660.000 0.063
670.000 0.065
680.000 0.073
690.000 0.080
700.000 0.091
710.000 0.066
720.000 0.044
730.000 0.024
740.000 0.018
750.000 0.012
760.000 0.010
770.000 0.009
780.000 0.010
790.000 0.009
800.000 0.009
810.000 0.008
820.000 0.009
830.000 0.012
840.000 0.010
850.000 0.009
860.000 0.008
870.000 0.006
880.000 0.003
890.000 0.002
900.000 0.008
910.000 0.013
920.000 0.022
930.000 0.038
940.000 0.037
950.000 0.027
960.000 0.024
970.000 0.020
980.000 0.019
990.000 0.017
1000.000 0.016
1010.000 0.016
1020.000 0.016
1030.000 0.015
1040.000 0.015
1050.000 0.016
1060.000 0.014
1070.000 0.016
1080.000 0.016
1090.000 0.016
1100.000 0.017
1110.000 0.020
1120.000 0.021
1130.000 0.026
1140.000 0.030
1150.000 0.041
1160.000 0.048
1170.000 0.054
1180.000 0.030
1190.000 0.023
1200.000 0.015
1210.000 0.012
1220.000 0.009
1230.000 0.007
1240.000 0.007
1250.000 0.007
1260.000 0.005
1270.000 0.005
1280.000 0.006
1290.000 0.006
1300.000 0.008
1310.000 0.009
1320.000 0.012
1330.000 0.016
1340.000 0.019
1350.000 0.026
1360.000 0.033
1370.000 0.054
1380.000 0.083
1390.000 0.082
1400.000 0.048
1410.000 0.040
1420.000 0.031
1430.000 0.026
1440.000 0.025
1450.000 0.025
1460.000 0.023
1470.000 0.021
1480.000 0.021
1490.000 0.022
1500.000 0.023
1510.000 0.023
1520.000 0.024
1530.000 0.028
1540.000 0.029
1550.000 0.032
1560.000 0.040
1570.000 0.053
1580.000 0.078
1590.000 0.095
1600.000 0.108
1610.000 0.086
1620.000 0.049
1630.000 0.034
1640.000 0.031
1650.000 0.025
1660.000 0.023
1670.000 0.020
1680.000 0.019
1690.000 0.018
1700.000 0.018
1710.000 0.017
1720.000 0.019
1730.000 0.020
1740.000 0.021
1750.000 0.023
1760.000 0.024
1770.000 0.029
1780.000 0.037
1790.000 0.042
1800.000 0.058
1810.000 0.070
1820.000 0.103
1830.000 0.143
1840.000 0.143
1850.000 0.103
1860.000 0.086
1870.000 0.067
1880.000 0.058
1890.000 0.054
1900.000 0.050
1910.000 0.049
1920.000 0.048
1930.000 0.048
1940.000 0.049
1950.000 0.051
1960.000 0.053
1970.000 0.059
1980.000 0.062
1990.000 0.073
2000.000 0.088
2010.000 0.100
2020.000 0.131
2030.000 0.153
2040.000 0.202
2050.000 0.205
2060.000 0.179
2070.000 0.127
2080.000 0.111
2090.000 0.089
2100.000 0.077
2110.000 0.073
2120.000 0.068
2130.000 0.066
2140.000 0.066
2150.000 0.069
2160.000 0.072
2170.000 0.082
2180.000 0.089
2190.000 0.110
2200.000 0.137
2210.000 0.145
2220.000 0.125
2230.000 0.101
2240.000 0.068
2250.000 0.049
2260.000 0.043
2270.000 0.034
2280.000 0.031
2290.000 0.026
2300.000 0.023
2310.000 0.022
2320.000 0.020
2330.000 0.020
2340.000 0.019
2350.000 0.019
2360.000 0.019
2370.000 0.021
2380.000 0.022
2390.000 0.027
2400.000 0.034
2410.000 0.036
2420.000 0.028
2430.000 0.019
2440.000 0.011
2450.000 0.007
2460.000 0.006
2470.000 0.005
2480.000 0.004
2490.000 0.004
2500.000 0.003
2510.000 0.004
2520.000 0.004
2530.000 0.003
2540.000 0.004
2550.000 0.003
2560.000 0.003
2570.000 0.003
2580.000 0.003
2590.000 0.003
2600.000 0.003
2610.000 0.003
2620.000 0.003
2630.000 0.004
2640.000 0.003
2650.000 0.003
2660.000 0.003
2670.000 0.003
2680.000 0.003
2690.000 0.004
2700.000 0.003
2710.000 0.003
2720.000 0.003
2730.000 0.004
2740.000 0.003
2750.000 0.003
2760.000 0.004
2770.000 0.003
2780.000 0.003
2790.000 0.003
2800.000 0.003
2810.000 0.003
2820.000 0.003
2830.000 0.004
2840.000 0.003
2850.000 0.003
2860.000 0.003
2870.000 0.004
2880.000 0.004
2890.000 0.004
2900.000 0.004
2910.000 0.005
2920.000 0.006
2930.000 0.007
2940.000 0.011
2950.000 0.010
2960.000 0.006
2970.000 0.004
2980.000 0.004
2990.000 0.003
3000.000 0.003
3010.000 0.003
3020.000 0.003
3030.000 0.002
3040.000 0.003
3050.000 0.002
3060.000 0.003
3070.000 0.003
3080.000 0.003
3090.000 0.002
3100.000 0.003
3110.000 0.003
3120.000 0.003
3130.000 0.003
3140.000 0.002
3150.000 0.003
3160.000 0.003
3170.000 0.002
3180.000 0.002
3190.000 0.003
3200.000 0.002
3210.000 0.002
3220.000 0.002
3230.000 0.002
3240.000 0.003
3250.000 0.003
3260.000 0.003
3270.000 0.004
3280.000 0.004
3290.000 0.004
3300.000 0.005
3310.000 0.007
3320.000 0.008
3330.000 0.011
3340.000 0.018
3350.000 0.023
3360.000 0.039
3370.000 0.053
3380.000 0.050
3390.000 0.038
3400.000 0.035
3410.000 0.033
3420.000 0.034
3430.000 0.034
3440.000 0.039
3450.000 0.044
3460.000 0.055
3470.000 0.079
3480.000 0.098
3490.000 0.154
3500.000 0.179
3510.000 0.138
3520.000 0.091
3530.000 0.082
3540.000 0.072
3550.000 0.071
3560.000 0.074
3570.000 0.087
3580.000 0.097
3590.000 0.126
3600.000 0.136
3610.000 0.107
3620.000 0.062
3630.000 0.051
3640.000 0.036
3650.000 0.032
3660.000 0.026
3670.000 0.022
3680.000 0.021
3690.000 0.018
3700.000 0.018
3710.000 0.017
3720.000 0.017
3730.000 0.017
3740.000 0.017
3750.000 0.018
3760.000 0.019
3770.000 0.021
3780.000 0.023
3790.000 0.027
3800.000 0.029
3810.000 0.039
3820.000 0.054
3830.000 0.064
3840.000 0.071
3850.000 0.062
3860.000 0.039
3870.000 0.028
3880.000 0.025
3890.000 0.020
3900.000 0.019
3910.000 0.016
3920.000 0.015
3930.000 0.015
3940.000 0.014
3950.000 0.014
3960.000 0.015
3970.000 0.015
3980.000 0.015
3990.000 0.017
4000.000 0.018
4010.000 0.021
4020.000 0.025
4030.000 0.029
4040.000 0.040
4050.000 0.048
4060.000 0.073
4070.000 0.099
4080.000 0.094
4090.000 0.061
4100.000 0.051
4110.000 0.041
4120.000 0.036
4130.000 0.035
4140.000 0.034
4150.000 0.034
4160.000 0.037
4170.000 0.043
4180.000 0.048
4190.000 0.063
4200.000 0.074
4210.000 0.095
4220.000 0.074
4230.000 0.055
4240.000 0.035
4250.000 0.029
4260.000 0.023
4270.000 0.020
4280.000 0.017
4290.000 0.015
4300.000 0.014
4310.000 0.013
4320.000 0.013
4330.000 0.013
4340.000 0.012
4350.000 0.011
4360.000 0.013
4370.000 0.013
4380.000 0.014
4390.000 0.017
4400.000 0.020
4410.000 0.026
4420.000 0.031
4430.000 0.033
4440.000 0.022
4450.000 0.017
4460.000 0.012
4470.000 0.011
4480.000 0.009
4490.000 0.008
4500.000 0.008
4510.000 0.007
4520.000 0.008
4530.000 0.007
4540.000 0.007
4550.000 0.007
4560.000 0.007
4570.000 0.008
4580.000 0.008
4590.000 0.010
4600.000 0.011
4610.000 0.012
4620.000 0.015
4630.000 0.021
4640.000 0.031
4650.000 0.047
4660.000 0.057
4670.000 0.062
4680.000 0.051
4690.000 0.037
4700.000 0.033
4710.000 0.028
4720.000 0.026
4730.000 0.025
4740.000 0.024
4750.000 0.024
4760.000 0.026
4770.000 0.028
4780.000 0.033
4790.000 0.041
4800.000 0.047
4810.000 0.067
4820.000 0.077
4830.000 0.069
4840.000 0.041
4850.000 0.035
4860.000 0.026
4870.000 0.024
4880.000 0.021
4890.000 0.019
4900.000 0.019
4910.000 0.020
4920.000 0.020
4930.000 0.024
4940.000 0.031
4950.000 0.034
4960.000 0.034
4970.000 0.027
4980.000 0.015
4990.000 0.010
5000.000 0.008
5010.000 0.006
5020.000 0.005
5030.000 0.005
5040.000 0.004
5050.000 0.004
5060.000 0.003
5070.000 0.003
5080.000 0.003
5090.000 0.003
5100.000 0.003
5110.000 0.004
5120.000 0.005
5130.000 0.006
5140.000 0.005
5150.000 0.004
5160.000 0.003
5170.000 0.002
5180.000 0.002
5190.000 0.001
5200.000 0.002
5210.000 0.002
5220.000 0.002
5230.000 0.001
5240.000 0.001
5250.000 0.001
5260.000 0.002
5270.000 0.001
5280.000 0.002
5290.000 0.001
5300.000 0.001
5310.000 0.001
5320.000 0.002
5330.000 0.001
5340.000 0.002
5350.000 0.001
5360.000 0.002
5370.000 0.002
5380.000 0.001
5390.000 0.002
5400.000 0.001
5410.000 0.001
5420.000 0.001
5430.000 0.001
5440.000 0.001
5450.000 0.001
5460.000 0.001
5470.000 0.002
5480.000 0.001
5490.000 0.001
5500.000 0.001
5510.000 0.001
5520.000 0.001
5530.000 0.001
5540.000 0.001
5550.000 0.001
5560.000 0.001
5570.000 0.002
5580.000 0.001
5590.000 0.001
5600.000 0.001
5610.000 0.001
5620.000 0.001
5630.000 0.001
5640.000 0.001
5650.000 0.001
5660.000 0.001
5670.000 0.001
5680.000 0.001
5690.000 0.001
5700.000 0.001
5710.000 0.001
5720.000 0.001
5730.000 0.001
5740.000 0.001
5750.000 0.001
5760.000 0.001
5770.000 0.001
5780.000 0.001
5790.000 0.001
5800.000 0.001
5810.000 0.001
5820.000 0.001
5830.000 0.001
5840.000 0.001
5850.000 0.001
5860.000 0.001
5870.000 0.001
5880.000 0.001
5890.000 0.001
5900.000 0.001
5910.000 0.001
5920.000 0.001
5930.000 0.001
5940.000 0.001
5950.000 0.001
5960.000 0.001
5970.000 0.001
5980.000 0.001
5990.000 0.001
6000.000 0.001
6010.000 0.001
6020.000 0.001
6030.000 0.001
6040.000 0.001
6050.000 0.001
6060.000 0.001
6070.000 0.001
6080.000 0.001
6090.000 0.001
6100.000 0.001
6110.000 0.001
6120.000 0.001
6130.000 0.001
6140.000 0.001
6150.000 0.001
6160.000 0.001
6170.000 0.001
6180.000 0.001
6190.000 0.001
6200.000 0.001
6210.000 0.001
6220.000 0.001
6230.000 0.001
6240.000 0.001
6250.000 0.001
6260.000 0.001
6270.000 0.001
6280.000 0.001
6290.000 0.001
6300.000 0.001
6310.000 0.001
6320.000 0.001
6330.000 0.001
6340.000 0.001
6350.000 0.001
6360.000 0.001
6370.000 0.001
6380.000 0.000
6390.000 0.001
6400.000 0.001
6410.000 0.002
6420.000 0.001
6430.000 0.001
6440.000 0.001
6450.000 0.001
6460.000 0.001
6470.000 0.001
6480.000 0.001
6490.000 0.001
6500.000 0.001
6510.000 0.001
6520.000 0.001
6530.000 0.001
6540.000 0.001
6550.000 0.001
6560.000 0.001
6570.000 0.001
6580.000 0.002
6590.000 0.003
6600.000 0.006
6610.000 0.008
6620.000 0.016
6630.000 0.028
6640.000 0.029
6650.000 0.030
6660.000 0.033
6670.000 0.045
6680.000 0.061
6690.000 0.063
6700.000 0.046
6710.000 0.040
6720.000 0.035
6730.000 0.035
6740.000 0.037
6750.000 0.045
6760.000 0.051
6770.000 0.068
6780.000 0.069
6790.000 0.058
6800.000 0.040
6810.000 0.034
6820.000 0.028
6830.000 0.025
6840.000 0.025
6850.000 0.025
6860.000 0.027
6870.000 0.029
6880.000 0.036
6890.000 0.041
6900.000 0.055
6910.000 0.062
6920.000 0.064
6930.000 0.045
6940.000 0.038
6950.000 0.029
6960.000 0.026
6970.000 0.023
6980.000 0.021
6990.000 0.021
7000.000 0.022
7010.000 0.022
7020.000 0.025
7030.000 0.030
7040.000 0.033
7050.000 0.038
7060.000 0.050
7070.000 0.056
7080.000 0.042
7090.000 0.035
7100.000 0.025
7110.000 0.023
7120.000 0.019
7130.000 0.017
7140.000 0.016
7150.000 0.016
7160.000 0.016
7170.000 0.016
7180.000 0.018
7190.000 0.018
7200.000 0.022
7210.000 0.024
7220.000 0.030
7230.000 0.041
7240.000 0.046
7250.000 0.049
7260.000 0.043
7270.000 0.031
7280.000 0.023
7290.000 0.021
7300.000 0.019
7310.000 0.017
7320.000 0.016
7330.000 0.016
7340.000 0.016
7350.000 0.018
7360.000 0.019
7370.000 0.021
7380.000 0.024
7390.000 0.031
7400.000 0.036
7410.000 0.044
7420.000 0.040
7430.000 0.034
7440.000 0.024
7450.000 0.019
7460.000 0.018
7470.000 0.016
7480.000 0.015
7490.000 0.014
7500.000 0.015
7510.000 0.015
7520.000 0.017
7530.000 0.018
7540.000 0.023
7550.000 0.029
7560.000 0.032
7570.000 0.030
7580.000 0.025
7590.000 0.017
7600.000 0.013
7610.000 0.011
7620.000 0.010
7630.000 0.009
7640.000 0.008
7650.000 0.007
7660.000 0.007
7670.000 0.007
7680.000 0.008
7690.000 0.008
7700.000 0.009
7710.000 0.010
7720.000 0.013
7730.000 0.014
7740.000 0.018
7750.000 0.019
7760.000 0.017
7770.000 0.012
7780.000 0.011
7790.000 0.008
7800.000 0.008
7810.000 0.007
7820.000 0.007
7830.000 0.007
7840.000 0.007
7850.000 0.007
7860.000 0.008
7870.000 0.011
7880.000 0.013
7890.000 0.017
7900.000 0.018
7910.000 0.017
7920.000 0.013
7930.000 0.011
7940.000 0.010
7950.000 0.010
7960.000 0.010
7970.000 0.010
7980.000 0.009
7990.000 0.006
8000.000 0.004
8010.000 0.003
8020.000 0.002
8030.000 0.002
8040.000 0.002
8050.000 0.002
8060.000 0.002
8070.000 0.002
8080.000 0.002
8090.000 0.002
8100.000 0.001
8110.000 0.001
8120.000 0.002
8130.000 0.001
8140.000 0.001
8150.000 0.001
8160.000 0.001
8170.000 0.001
8180.000 0.001
8190.000 0.001
8200.000 0.001
8210.000 0.001
8220.000 0.001
8230.000 0.001
8240.000 0.001
8250.000 0.001
8260.000 0.001
8270.000 0.001
8280.000 0.001
8290.000 0.001
8300.000 0.001
8310.000 0.001
8320.000 0.001
8330.000 0.001
8340.000 0.001
8350.000 0.001
8360.000 0.001
8370.000 0.001
8380.000 0.001
8390.000 0.001
8400.000 0.001
8410.000 0.001
8420.000 0.001
8430.000 0.001
8440.000 0.001
8450.000 0.001
8460.000 0.001
8470.000 0.001
8480.000 0.001
8490.000 0.001
8500.000 0.001
8510.000 0.001
8520.000 0.001
8530.000 0.001
8540.000 0.001
8550.000 0.001
8560.000 0.001
8570.000 0.001
8580.000 0.001
8590.000 0.001
8600.000 0.001
8610.000 0.001
8620.000 0.001
8630.000 0.001
8640.000 0.001
8650.000 0.001
8660.000 0.001
8670.000 0.002
8680.000 0.001
8690.000 0.001
8700.000 0.001
8710.000 0.001
8720.000 0.001
8730.000 0.001
8740.000 0.001
8750.000 0.001
8760.000 0.001
8770.000 0.002
8780.000 0.001
8790.000 0.001
8800.000 0.001
8810.000 0.001
8820.000 0.001
8830.000 0.001
8840.000 0.001
8850.000 0.001
8860.000 0.001
8870.000 0.002
8880.000 0.001
8890.000 0.001
8900.000 0.001
8910.000 0.001
8920.000 0.001
8930.000 0.001
8940.000 0.001
8950.000 0.001
8960.000 0.001
8970.000 0.001
8980.000 0.001
8990.000 0.001
9000.000 0.001
9010.000 0.001
9020.000 0.001
9030.000 0.001
9040.000 0.001
9050.000 0.002
9060.000 0.001
9070.000 0.001
9080.000 0.001
9090.000 0.001
9100.000 0.001
9110.000 0.001
9120.000 0.001
9130.000 0.001
9140.000 0.001
9150.000 0.001
9160.000 0.001
9170.000 0.001
9180.000 0.001
9190.000 0.001
9200.000 0.001
9210.000 0.002
9220.000 0.001
9230.000 0.001
9240.000 0.002
9250.000 0.001
9260.000 0.001
9270.000 0.001
9280.000 0.001
9290.000 0.001
9300.000 0.002
9310.000 0.001
9320.000 0.002
9330.000 0.001
9340.000 0.001
9350.000 0.001
9360.000 0.001
9370.000 0.001
9380.000 0.001
9390.000 0.002
9400.000 0.001
9410.000 0.001
9420.000 0.001
9430.000 0.001
9440.000 0.001
9450.000 0.002
9460.000 0.001
9470.000 0.001
9480.000 0.001
9490.000 0.001
9500.000 0.001
9510.000 0.001
9520.000 0.001
9530.000 0.001
9540.000 0.002
9550.000 0.001
9560.000 0.001
9570.000 0.001
9580.000 0.001
9590.000 0.001
9600.000 0.001
9610.000 0.001
9620.000 0.001
9630.000 0.001
9640.000 0.001
9650.000 0.001
9660.000 0.001
9670.000 0.001
9680.000 0.001
9690.000 0.001
9700.000 0.002
9710.000 0.001
9720.000 0.001
9730.000 0.001
9740.000 0.002
9750.000 0.001
9760.000 0.001
9770.000 0.001
9780.000 0.001
9790.000 0.001
9800.000 0.002
9810.000 0.001
9820.000 0.001
9830.000 0.001
9840.000 0.001
9850.000 0.002
9860.000 0.002
9870.000 0.003
9880.000 0.003
9890.000 0.003
9900.000 0.003
9910.000 0.003
9920.000 0.003
9930.000 0.002
9940.000 0.003
9950.000 0.003
9960.000 0.004
9970.000 0.005
9980.000 0.009
9990.000 0.014
10000.000 0.018
10010.000 0.020
10020.000 0.021
10030.000 0.022
10040.000 0.025
10050.000 0.023
10060.000 0.017
10070.000 0.013
10080.000 0.010
10090.000 0.008
10100.000 0.007
10110.000 0.007
10120.000 0.007
10130.000 0.006
10140.000 0.006
10150.000 0.008
10160.000 0.008
10170.000 0.010
10180.000 0.011
10190.000 0.011
10200.000 0.009
10210.000 0.007
10220.000 0.007
10230.000 0.005
10240.000 0.005
10250.000 0.005
10260.000 0.005
10270.000 0.004
10280.000 0.005
10290.000 0.004
10300.000 0.005
10310.000 0.005
10320.000 0.005
10330.000 0.007
10340.000 0.008
10350.000 0.009
10360.000 0.012
10370.000 0.015
10380.000 0.017
10390.000 0.016
10400.000 0.015
10410.000 0.012
10420.000 0.011
10430.000 0.010
10440.000 0.010
10450.000 0.011
10460.000 0.012
10470.000 0.013
10480.000 0.015
10490.000 0.017
10500.000 0.017
10510.000 0.014
10520.000 0.012
10530.000 0.010
10540.000 0.009
10550.000 0.008
10560.000 0.007
10570.000 0.008
10580.000 0.009
10590.000 0.010
10600.000 0.010
10610.000 0.011
10620.000 0.012
10630.000 0.011
10640.000 0.008
10650.000 0.007
10660.000 0.006
10670.000 0.004
10680.000 0.004
10690.000 0.003
10700.000 0.003
10710.000 0.003
10720.000 0.002
10730.000 0.003
10740.000 0.002
10750.000 0.002
10760.000 0.002
10770.000 0.002
10780.000 0.002
10790.000 0.003
10800.000 0.003
10810.000 0.003
10820.000 0.004
10830.000 0.005
10840.000 0.005
10850.000 0.004
10860.000 0.004
10870.000 0.003
10880.000 0.004
10890.000 0.004
10900.000 0.004
10910.000 0.004
10920.000 0.004
10930.000 0.005
10940.000 0.005
10950.000 0.006
10960.000 0.008
10970.000 0.008
10980.000 0.008
10990.000 0.007
11000.000 0.006
11010.000 0.005
11020.000 0.004
11030.000 0.004
11040.000 0.002
11050.000 0.002
11060.000 0.002
11070.000 0.001
11080.000 0.002
11090.000 0.001
11100.000 0.001
11110.000 0.002
11120.000 0.002
11130.000 0.002
11140.000 0.002
11150.000 0.002
11160.000 0.002
11170.000 0.002
11180.000 0.002
11190.000 0.001
11200.000 0.002
11210.000 0.001
11220.000 0.002
11230.000 0.002
11240.000 0.001
11250.000 0.001
11260.000 0.002
11270.000 0.002
11280.000 0.002
11290.000 0.002
11300.000 0.001
11310.000 0.002
11320.000 0.002
11330.000 0.002
11340.000 0.002
11350.000 0.002
11360.000 0.002
11370.000 0.002
11380.000 0.002
11390.000 0.002
11400.000 0.002
11410.000 0.002
11420.000 0.002
11430.000 0.002
11440.000 0.002
11450.000 0.002
11460.000 0.002
11470.000 0.002
11480.000 0.002
11490.000 0.001
11500.000 0.002
11510.000 0.001
11520.000 0.002
11530.000 0.002
11540.000 0.002
11550.000 0.002
11560.000 0.001
11570.000 0.002
11580.000 0.001
11590.000 0.002
11600.000 0.002
11610.000 0.001
11620.000 0.001
11630.000 0.002
11640.000 0.001
11650.000 0.002
11660.000 0.002
11670.000 0.001
11680.000 0.002
11690.000 0.002
11700.000 0.001
11710.000 0.002
11720.000 0.002
11730.000 0.002
11740.000 0.002
11750.000 0.002
11760.000 0.001
11770.000 0.002
11780.000 0.002
11790.000 0.002
11800.000 0.001
11810.000 0.002
11820.000 0.002
11830.000 0.002
11840.000 0.002
11850.000 0.002
11860.000 0.002
11870.000 0.002
11880.000 0.002
11890.000 0.002
11900.000 0.002
11910.000 0.002
11920.000 0.002
11930.000 0.002
11940.000 0.002
11950.000 0.001
11960.000 0.002
11970.000 0.001
11980.000 0.002
11990.000 0.001
