10.000 0.058
20.000 0.412
30.000 0.646
40.000 0.131
50.000 0.187
60.000 0.145
70.000 0.116
80.000 0.110
90.000 0.098
100.000 0.102
110.000 0.084
120.000 0.088
130.000 0.072
140.000 0.049
150.000 0.070
160.000 0.040
170.000 0.084
180.000 0.120
190.000 0.135
200.000 0.070
210.000 0.204
220.000 0.088
230.000 0.044
240.000 0.091
250.000 0.049
260.000 0.071
270.000 0.052
280.000 0.053
290.000 0.065
300.000 0.058
310.000 0.075
320.000 0.043
330.000 0.043
340.000 0.042
350.000 0.032
360.000 0.035
370.000 0.027
380.000 0.028
390.000 0.029
400.000 0.025
410.000 0.030
420.000 0.027
430.000 0.034
440.000 0.044
450.000 0.032
460.000 0.049
470.000 0.054
480.000 0.085
490.000 0.126
500.000 0.140
510.000 0.124
520.000 0.117
530.000 0.100
540.000 0.091
550.000 0.090
560.000 0.092
570.000 0.085
580.000 0.080
590.000 0.082
600.000 0.073
610.000 0.068
620.000 0.069
630.000 0.063
640.000 0.055
650.000 0.051
660.000 0.054
670.000 0.056
680.000 0.047
690.000 0.051
700.000 0.055
710.000 0.057
720.000 0.063
730.000 0.078
740.000 0.053
750.000 0.036
760.000 0.020
770.000 0.016
780.000 0.013
790.000 0.009
800.000 0.021
810.000 0.010
820.000 0.009
830.000 0.007
840.000 0.008
850.000 0.006
860.000 0.006
870.000 0.006
880.000 0.003
890.000 0.002
900.000 0.001
910.000 0.004
920.000 0.005
930.000 0.007
940.000 0.013
950.000 0.019
960.000 0.031
970.000 0.042
980.000 0.039
990.000 0.025
1000.000 0.023
1010.000 0.021
1020.000 0.021
1030.000 0.019
1040.000 0.018
1050.000 0.018
1060.000 0.018
1070.000 0.017
1080.000 0.018
1090.000 0.018
1100.000 0.017
1110.000 0.018
1120.000 0.019
1130.000 0.021
1140.000 0.021
1150.000 0.024
1160.000 0.028
1170.000 0.030
1180.000 0.040
1190.000 0.055
1200.000 0.061
1210.000 0.050
1220.000 0.035
1230.000 0.022
1240.000 0.014
1250.000 0.012
1260.000 0.010
1270.000 0.009
1280.000 0.008
1290.000 0.009
1300.000 0.009
1310.000 0.010
1320.000 0.010
1330.000 0.011
1340.000 0.012
1350.000 0.013
1360.000 0.015
1370.000 0.016
1380.000 0.019
1390.000 0.025
1400.000 0.031
1410.000 0.044
1420.000 0.055
1430.000 0.086
1440.000 0.095
1450.000 0.065
1460.000 0.046
1470.000 0.041
1480.000 0.034
1490.000 0.031
1500.000 0.028
1510.000 0.026
1520.000 0.027
1530.000 0.026
1540.000 0.026
1550.000 0.026
1560.000 0.027
1570.000 0.028
1580.000 0.030
1590.000 0.032
1600.000 0.037
1610.000 0.044
1620.000 0.048
1630.000 0.064
1640.000 0.077
1650.000 0.113
1660.000 0.150
1670.000 0.143
1680.000 0.085
1690.000 0.069
1700.000 0.052
1710.000 0.042
1720.000 0.038
1730.000 0.035
1740.000 0.032
1750.000 0.032
1760.000 0.030
1770.000 0.031
1780.000 0.032
1790.000 0.033
1800.000 0.036
1810.000 0.042
1820.000 0.045
1830.000 0.053
1840.000 0.061
1850.000 0.080
1860.000 0.112
1870.000 0.136
1880.000 0.188
1890.000 0.197
1900.000 0.153
1910.000 0.109
1920.000 0.097
1930.000 0.081
1940.000 0.075
1950.000 0.068
1960.000 0.063
1970.000 0.061
1980.000 0.061
1990.000 0.060
2000.000 0.062
2010.000 0.065
2020.000 0.067
2030.000 0.074
2040.000 0.078
2050.000 0.089
2060.000 0.107
2070.000 0.118
2080.000 0.148
2090.000 0.167
2100.000 0.196
2110.000 0.182
2120.000 0.159
2130.000 0.117
2140.000 0.103
2150.000 0.082
2160.000 0.069
2170.000 0.064
2180.000 0.058
2190.000 0.055
2200.000 0.052
2210.000 0.051
2220.000 0.051
2230.000 0.053
2240.000 0.054
2250.000 0.059
2260.000 0.068
2270.000 0.075
2280.000 0.097
2290.000 0.112
2300.000 0.145
2310.000 0.138
2320.000 0.111
2330.000 0.071
2340.000 0.060
2350.000 0.045
2360.000 0.037
2370.000 0.034
2380.000 0.030
2390.000 0.029
2400.000 0.028
2410.000 0.029
2420.000 0.030
2430.000 0.035
2440.000 0.038
2450.000 0.050
2460.000 0.050
2470.000 0.037
2480.000 0.017
2490.000 0.013
2500.000 0.009
2510.000 0.006
2520.000 0.005
2530.000 0.005
2540.000 0.004
2550.000 0.004
2560.000 0.003
2570.000 0.004
2580.000 0.004
2590.000 0.004
2600.000 0.003
2610.000 0.003
2620.000 0.003
2630.000 0.003
2640.000 0.003
2650.000 0.003
2660.000 0.003
2670.000 0.003
2680.000 0.004
2690.000 0.004
2700.000 0.003
2710.000 0.003
2720.000 0.003
2730.000 0.003
2740.000 0.004
2750.000 0.003
2760.000 0.003
2770.000 0.002
2780.000 0.003
2790.000 0.003
2800.000 0.003
2810.000 0.003
2820.000 0.003
2830.000 0.003
2840.000 0.003
2850.000 0.003
2860.000 0.003
2870.000 0.003
2880.000 0.002
2890.000 0.003
2900.000 0.003
2910.000 0.003
2920.000 0.003
2930.000 0.003
2940.000 0.003
2950.000 0.003
2960.000 0.003
2970.000 0.003
2980.000 0.003
2990.000 0.002
3000.000 0.003
3010.000 0.003
3020.000 0.003
3030.000 0.002
3040.000 0.003
3050.000 0.003
3060.000 0.003
3070.000 0.003
3080.000 0.003
3090.000 0.003
3100.000 0.003
3110.000 0.003
3120.000 0.003
3130.000 0.003
3140.000 0.003
3150.000 0.004
3160.000 0.003
3170.000 0.003
3180.000 0.004
3190.000 0.004
3200.000 0.004
3210.000 0.004
3220.000 0.005
3230.000 0.006
3240.000 0.007
3250.000 0.009
3260.000 0.009
3270.000 0.012
3280.000 0.018
3290.000 0.023
3300.000 0.038
3310.000 0.050
3320.000 0.093
3330.000 0.126
3340.000 0.109
3350.000 0.086
3360.000 0.084
3370.000 0.093
3380.000 0.118
3390.000 0.138
3400.000 0.182
3410.000 0.185
3420.000 0.124
3430.000 0.085
3440.000 0.074
3450.000 0.063
3460.000 0.059
3470.000 0.055
3480.000 0.055
3490.000 0.056
3500.000 0.061
3510.000 0.065
3520.000 0.079
3530.000 0.105
3540.000 0.124
3550.000 0.165
3560.000 0.172
3570.000 0.121
3580.000 0.079
3590.000 0.068
3600.000 0.053
3610.000 0.049
3620.000 0.043
3630.000 0.039
3640.000 0.038
3650.000 0.036
3660.000 0.038
3670.000 0.040
3680.000 0.043
3690.000 0.046
3700.000 0.055
3710.000 0.062
3720.000 0.082
3730.000 0.116
3740.000 0.134
3750.000 0.131
3760.000 0.104
3770.000 0.068
3780.000 0.051
3790.000 0.045
3800.000 0.038
3810.000 0.036
3820.000 0.033
3830.000 0.032
3840.000 0.031
3850.000 0.031
3860.000 0.031
3870.000 0.033
3880.000 0.035
3890.000 0.038
3900.000 0.046
3910.000 0.050
3920.000 0.067
3930.000 0.079
3940.000 0.110
3950.000 0.118
3960.000 0.097
3970.000 0.061
3980.000 0.050
3990.000 0.038
4000.000 0.032
4010.000 0.028
4020.000 0.026
4030.000 0.025
4040.000 0.024
4050.000 0.023
4060.000 0.023
4070.000 0.024
4080.000 0.025
4090.000 0.028
4100.000 0.031
4110.000 0.034
4120.000 0.043
4130.000 0.050
4140.000 0.071
4150.000 0.097
4160.000 0.101
4170.000 0.069
4180.000 0.055
4190.000 0.040
4200.000 0.032
4210.000 0.029
4220.000 0.026
4230.000 0.024
4240.000 0.022
4250.000 0.022
4260.000 0.021
4270.000 0.022
4280.000 0.023
4290.000 0.024
4300.000 0.027
4310.000 0.030
4320.000 0.033
4330.000 0.037
4340.000 0.048
4350.000 0.066
4360.000 0.073
4370.000 0.066
4380.000 0.051
4390.000 0.031
4400.000 0.022
4410.000 0.019
4420.000 0.016
4430.000 0.014
4440.000 0.013
4450.000 0.013
4460.000 0.013
4470.000 0.012
4480.000 0.013
4490.000 0.013
4500.000 0.016
4510.000 0.016
4520.000 0.021
4530.000 0.023
4540.000 0.032
4550.000 0.047
4560.000 0.055
4570.000 0.059
4580.000 0.049
4590.000 0.033
4600.000 0.026
4610.000 0.024
4620.000 0.021
4630.000 0.021
4640.000 0.020
4650.000 0.020
4660.000 0.020
4670.000 0.021
4680.000 0.022
4690.000 0.025
4700.000 0.029
4710.000 0.033
4720.000 0.040
4730.000 0.046
4740.000 0.065
4750.000 0.089
4760.000 0.095
4770.000 0.070
4780.000 0.056
4790.000 0.039
4800.000 0.030
4810.000 0.028
4820.000 0.023
4830.000 0.022
4840.000 0.020
4850.000 0.019
4860.000 0.020
4870.000 0.021
4880.000 0.021
4890.000 0.025
4900.000 0.031
4910.000 0.035
4920.000 0.048
4930.000 0.054
4940.000 0.052
4950.000 0.032
4960.000 0.027
4970.000 0.020
4980.000 0.018
4990.000 0.015
5000.000 0.014
5010.000 0.013
5020.000 0.014
5030.000 0.014
5040.000 0.015
5050.000 0.017
5060.000 0.021
5070.000 0.026
5080.000 0.028
5090.000 0.021
5100.000 0.016
5110.000 0.010
5120.000 0.008
5130.000 0.007
5140.000 0.006
5150.000 0.006
5160.000 0.006
5170.000 0.006
5180.000 0.007
5190.000 0.005
5200.000 0.004
5210.000 0.002
5220.000 0.002
5230.000 0.002
5240.000 0.002
5250.000 0.001
5260.000 0.002
5270.000 0.002
5280.000 0.002
5290.000 0.001
5300.000 0.001
5310.000 0.002
5320.000 0.001
5330.000 0.001
5340.000 0.001
5350.000 0.001
5360.000 0.001
5370.000 0.001
5380.000 0.001
5390.000 0.002
5400.000 0.001
5410.000 0.001
5420.000 0.002
5430.000 0.001
5440.000 0.001
5450.000 0.001
5460.000 0.001
5470.000 0.001
5480.000 0.001
5490.000 0.001
5500.000 0.001
5510.000 0.001
5520.000 0.001
5530.000 0.001
5540.000 0.001
5550.000 0.001
5560.000 0.001
5570.000 0.001
5580.000 0.001
5590.000 0.001
5600.000 0.001
5610.000 0.001
5620.000 0.001
5630.000 0.001
5640.000 0.001
5650.000 0.001
5660.000 0.001
5670.000 0.001
5680.000 0.001
5690.000 0.001
5700.000 0.001
5710.000 0.001
5720.000 0.001
5730.000 0.001
5740.000 0.001
5750.000 0.001
5760.000 0.001
5770.000 0.001
5780.000 0.001
5790.000 0.001
5800.000 0.001
5810.000 0.001
5820.000 0.001
5830.000 0.001
5840.000 0.001
5850.000 0.001
5860.000 0.001
5870.000 0.001
5880.000 0.001
5890.000 0.001
5900.000 0.001
5910.000 0.001
5920.000 0.001
5930.000 0.001
5940.000 0.001
5950.000 0.001
5960.000 0.001
5970.000 0.001
5980.000 0.001
5990.000 0.001
6000.000 0.001
6010.000 0.001
6020.000 0.001
6030.000 0.001
6040.000 0.001
6050.000 0.001
6060.000 0.001
6070.000 0.001
6080.000 0.001
6090.000 0.001
6100.000 0.001
6110.000 0.001
6120.000 0.002
6130.000 0.001
6140.000 0.001
6150.000 0.001
6160.000 0.001
6170.000 0.001
6180.000 0.001
6190.000 0.001
6200.000 0.001
6210.000 0.000
6220.000 0.001
6230.000 0.001
6240.000 0.001
6250.000 0.001
6260.000 0.001
6270.000 0.001
6280.000 0.001
6290.000 0.001
6300.000 0.001
6310.000 0.001
6320.000 0.001
6330.000 0.001
6340.000 0.001
6350.000 0.000
6360.000 0.001
6370.000 0.001
6380.000 0.001
6390.000 0.001
6400.000 0.001
6410.000 0.001
6420.000 0.001
6430.000 0.001
6440.000 0.001
6450.000 0.001
6460.000 0.001
6470.000 0.001
6480.000 0.002
6490.000 0.001
6500.000 0.001
6510.000 0.001
6520.000 0.001
6530.000 0.001
6540.000 0.002
6550.000 0.002
6560.000 0.002
6570.000 0.004
6580.000 0.005
6590.000 0.009
6600.000 0.013
6610.000 0.024
6620.000 0.032
6630.000 0.038
6640.000 0.040
6650.000 0.044
6660.000 0.059
6670.000 0.068
6680.000 0.068
6690.000 0.048
6700.000 0.042
6710.000 0.038
6720.000 0.037
6730.000 0.039
6740.000 0.045
6750.000 0.052
6760.000 0.068
6770.000 0.078
6780.000 0.081
6790.000 0.067
6800.000 0.047
6810.000 0.037
6820.000 0.034
6830.000 0.031
6840.000 0.031
6850.000 0.030
6860.000 0.033
6870.000 0.035
6880.000 0.042
6890.000 0.048
6900.000 0.063
6910.000 0.077
6920.000 0.076
6930.000 0.055
6940.000 0.046
6950.000 0.035
6960.000 0.029
6970.000 0.027
6980.000 0.025
6990.000 0.025
7000.000 0.025
7010.000 0.026
7020.000 0.027
7030.000 0.031
7040.000 0.035
7050.000 0.043
7060.000 0.057
7070.000 0.064
7080.000 0.067
7090.000 0.059
7100.000 0.041
7110.000 0.031
7120.000 0.028
7130.000 0.024
7140.000 0.023
7150.000 0.021
7160.000 0.020
7170.000 0.021
7180.000 0.022
7190.000 0.022
7200.000 0.024
7210.000 0.029
7220.000 0.033
7230.000 0.042
7240.000 0.049
7250.000 0.057
7260.000 0.050
7270.000 0.042
7280.000 0.030
7290.000 0.027
7300.000 0.022
7310.000 0.019
7320.000 0.018
7330.000 0.017
7340.000 0.018
7350.000 0.018
7360.000 0.018
7370.000 0.019
7380.000 0.023
7390.000 0.025
7400.000 0.031
7410.000 0.040
7420.000 0.045
7430.000 0.048
7440.000 0.043
7450.000 0.031
7460.000 0.023
7470.000 0.020
7480.000 0.018
7490.000 0.017
7500.000 0.016
7510.000 0.015
7520.000 0.015
7530.000 0.015
7540.000 0.016
7550.000 0.017
7560.000 0.020
7570.000 0.022
7580.000 0.029
7590.000 0.032
7600.000 0.038
7610.000 0.032
7620.000 0.026
7630.000 0.020
7640.000 0.017
7650.000 0.014
7660.000 0.013
7670.000 0.012
7680.000 0.013
7690.000 0.011
7700.000 0.012
7710.000 0.013
7720.000 0.014
7730.000 0.017
7740.000 0.019
7750.000 0.024
7760.000 0.028
7770.000 0.028
7780.000 0.021
7790.000 0.018
7800.000 0.014
7810.000 0.011
7820.000 0.010
7830.000 0.010
7840.000 0.009
7850.000 0.009
7860.000 0.010
7870.000 0.010
7880.000 0.012
7890.000 0.013
7900.000 0.017
7910.000 0.016
7920.000 0.015
7930.000 0.011
7940.000 0.009
7950.000 0.008
7960.000 0.006
7970.000 0.006
7980.000 0.006
7990.000 0.007
8000.000 0.007
8010.000 0.008
8020.000 0.008
8030.000 0.008
8040.000 0.007
8050.000 0.005
8060.000 0.004
8070.000 0.004
8080.000 0.004
8090.000 0.003
8100.000 0.002
8110.000 0.001
8120.000 0.001
8130.000 0.001
8140.000 0.000
8150.000 0.001
8160.000 0.001
8170.000 0.001
8180.000 0.001
8190.000 0.001
8200.000 0.001
8210.000 0.001
8220.000 0.001
8230.000 0.001
8240.000 0.001
8250.000 0.001
8260.000 0.001
8270.000 0.001
8280.000 0.001
8290.000 0.001
8300.000 0.001
8310.000 0.001
8320.000 0.001
8330.000 0.001
8340.000 0.001
8350.000 0.001
8360.000 0.001
8370.000 0.001
8380.000 0.001
8390.000 0.001
8400.000 0.001
8410.000 0.001
8420.000 0.001
8430.000 0.001
8440.000 0.001
8450.000 0.001
8460.000 0.001
8470.000 0.001
8480.000 0.001
8490.000 0.001
8500.000 0.001
8510.000 0.001
8520.000 0.001
8530.000 0.001
8540.000 0.001
8550.000 0.001
8560.000 0.001
8570.000 0.001
8580.000 0.001
8590.000 0.001
8600.000 0.001
8610.000 0.001
8620.000 0.001
8630.000 0.001
8640.000 0.000
8650.000 0.001
8660.000 0.001
8670.000 0.001
8680.000 0.001
8690.000 0.001
8700.000 0.001
8710.000 0.001
8720.000 0.001
8730.000 0.001
8740.000 0.001
8750.000 0.001
8760.000 0.001
8770.000 0.001
8780.000 0.001
8790.000 0.001
8800.000 0.000
8810.000 0.001
8820.000 0.001
8830.000 0.001
8840.000 0.001
8850.000 0.001
8860.000 0.001
8870.000 0.002
8880.000 0.001
8890.000 0.001
8900.000 0.001
8910.000 0.001
8920.000 0.001
8930.000 0.001
8940.000 0.001
8950.000 0.001
8960.000 0.001
8970.000 0.001
8980.000 0.001
8990.000 0.001
9000.000 0.001
9010.000 0.001
9020.000 0.001
9030.000 0.001
9040.000 0.001
9050.000 0.001
9060.000 0.001
9070.000 0.001
9080.000 0.001
9090.000 0.001
9100.000 0.001
9110.000 0.001
9120.000 0.001
9130.000 0.001
9140.000 0.001
9150.000 0.001
9160.000 0.001
9170.000 0.001
9180.000 0.001
9190.000 0.001
9200.000 0.001
9210.000 0.001
9220.000 0.001
9230.000 0.001
9240.000 0.001
9250.000 0.001
9260.000 0.001
9270.000 0.001
9280.000 0.001
9290.000 0.001
9300.000 0.001
9310.000 0.001
9320.000 0.001
9330.000 0.001
9340.000 0.001
9350.000 0.001
9360.000 0.002
9370.000 0.001
9380.000 0.001
9390.000 0.001
9400.000 0.001
9410.000 0.001
9420.000 0.002
9430.000 0.001
9440.000 0.001
9450.000 0.001
9460.000 0.001
9470.000 0.001
9480.000 0.001
9490.000 0.001
9500.000 0.001
9510.000 0.001
9520.000 0.001
9530.000 0.001
9540.000 0.001
9550.000 0.001
9560.000 0.001
9570.000 0.001
9580.000 0.001
9590.000 0.001
9600.000 0.001
9610.000 0.001
9620.000 0.001
9630.000 0.001
9640.000 0.001
9650.000 0.002
9660.000 0.001
9670.000 0.001
9680.000 0.002
9690.000 0.001
9700.000 0.001
9710.000 0.001
9720.000 0.001
9730.000 0.001
9740.000 0.001
9750.000 0.001
9760.000 0.001
9770.000 0.001
9780.000 0.001
9790.000 0.002
9800.000 0.001
9810.000 0.001
9820.000 0.002
9830.000 0.001
9840.000 0.003
9850.000 0.005
9860.000 0.006
9870.000 0.010
9880.000 0.010
9890.000 0.011
9900.000 0.015
9910.000 0.017
9920.000 0.020
9930.000 0.020
9940.000 0.017
9950.000 0.015
9960.000 0.015
9970.000 0.017
9980.000 0.018
9990.000 0.023
10000.000 0.030
10010.000 0.031
10020.000 0.026
10030.000 0.023
10040.000 0.018
10050.000 0.015
10060.000 0.015
10070.000 0.016
10080.000 0.016
10090.000 0.018
10100.000 0.021
10110.000 0.024
10120.000 0.030
10130.000 0.031
10140.000 0.027
10150.000 0.020
10160.000 0.018
10170.000 0.015
10180.000 0.015
10190.000 0.014
10200.000 0.014
10210.000 0.014
10220.000 0.016
10230.000 0.017
10240.000 0.021
10250.000 0.027
10260.000 0.029
10270.000 0.030
10280.000 0.027
10290.000 0.021
10300.000 0.016
10310.000 0.015
10320.000 0.013
10330.000 0.012
10340.000 0.012
10350.000 0.012
10360.000 0.012
10370.000 0.013
10380.000 0.014
10390.000 0.017
10400.000 0.018
10410.000 0.023
10420.000 0.025
10430.000 0.023
10440.000 0.019
10450.000 0.016
10460.000 0.013
10470.000 0.011
10480.000 0.010
10490.000 0.010
10500.000 0.010
10510.000 0.010
10520.000 0.011
10530.000 0.012
10540.000 0.014
10550.000 0.016
10560.000 0.018
10570.000 0.022
10580.000 0.022
10590.000 0.018
10600.000 0.016
10610.000 0.013
10620.000 0.011
10630.000 0.010
10640.000 0.009
10650.000 0.009
10660.000 0.009
10670.000 0.009
10680.000 0.009
10690.000 0.010
10700.000 0.010
10710.000 0.011
10720.000 0.014
10730.000 0.015
10740.000 0.015
10750.000 0.014
10760.000 0.011
10770.000 0.009
10780.000 0.008
10790.000 0.007
10800.000 0.007
10810.000 0.007
10820.000 0.007
10830.000 0.008
10840.000 0.008
10850.000 0.009
10860.000 0.010
10870.000 0.012
10880.000 0.013
10890.000 0.012
10900.000 0.010
10910.000 0.008
10920.000 0.006
10930.000 0.006
10940.000 0.005
10950.000 0.005
10960.000 0.006
10970.000 0.006
10980.000 0.005
10990.000 0.006
11000.000 0.006
11010.000 0.006
11020.000 0.006
11030.000 0.005
11040.000 0.004
11050.000 0.004
11060.000 0.004
11070.000 0.004
11080.000 0.004
11090.000 0.004
11100.000 0.004
11110.000 0.005
11120.000 0.005
11130.000 0.004
11140.000 0.003
11150.000 0.003
11160.000 0.002
11170.000 0.002
11180.000 0.001
11190.000 0.001
11200.000 0.001
11210.000 0.001
11220.000 0.001
11230.000 0.002
11240.000 0.002
11250.000 0.002
11260.000 0.001
11270.000 0.002
11280.000 0.002
11290.000 0.001
11300.000 0.002
11310.000 0.002
11320.000 0.002
11330.000 0.002
11340.000 0.002
11350.000 0.001
11360.000 0.002
11370.000 0.002
11380.000 0.001
11390.000 0.001
11400.000 0.002
11410.000 0.001
11420.000 0.001
11430.000 0.002
11440.000 0.002
11450.000 0.002
11460.000 0.001
11470.000 0.001
11480.000 0.001
11490.000 0.001
11500.000 0.002
11510.000 0.001
11520.000 0.002
11530.000 0.001
11540.000 0.002
11550.000 0.002
11560.000 0.002
11570.000 0.002
11580.000 0.002
11590.000 0.001
11600.000 0.001
11610.000 0.002
11620.000 0.002
11630.000 0.002
11640.000 0.002
11650.000 0.002
11660.000 0.002
11670.000 0.002
11680.000 0.002
11690.000 0.002
11700.000 0.002
11710.000 0.002
11720.000 0.002
11730.000 0.001
11740.000 0.002
11750.000 0.002
11760.000 0.001
11770.000 0.002
11780.000 0.002
11790.000 0.001
11800.000 0.002
11810.000 0.002
11820.000 0.002
11830.000 0.002
11840.000 0.002
11850.000 0.002
11860.000 0.002
11870.000 0.002
11880.000 0.002
11890.000 0.001
11900.000 0.002
11910.000 0.002
11920.000 0.002
11930.000 0.002
11940.000 0.002
11950.000 0.002
11960.000 0.002
11970.000 0.001
11980.000 0.001
11990.000 0.002
12000.000 0.002
