10.000 0.105
20.000 0.522
30.000 0.158
40.000 0.283
50.000 0.182
60.000 0.153
70.000 0.160
80.000 0.135
90.000 0.102
100.000 0.096
110.000 0.099
120.000 0.070
130.000 0.053
140.000 0.055
150.000 0.067
160.000 0.106
170.000 0.064
180.000 0.050
190.000 0.041
200.000 0.041
210.000 0.044
220.000 0.045
230.000 0.033
240.000 0.030
250.000 0.080
260.000 0.072
270.000 0.077
280.000 0.046
290.000 0.034
300.000 0.046
310.000 0.030
320.000 0.046
330.000 0.036
340.000 0.036
350.000 0.040
360.000 0.038
370.000 0.042
380.000 0.044
390.000 0.043
400.000 0.042
410.000 0.043
420.000 0.044
430.000 0.046
440.000 0.047
450.000 0.049
460.000 0.051
470.000 0.053
480.000 0.056
490.000 0.057
500.000 0.063
510.000 0.064
520.000 0.071
530.000 0.077
540.000 0.080
550.000 0.088
560.000 0.095
570.000 0.097
580.000 0.098
590.000 0.099
600.000 0.093
610.000 0.088
620.000 0.081
630.000 0.075
640.000 0.064
650.000 0.056
660.000 0.052
670.000 0.045
680.000 0.045
690.000 0.038
700.000 0.035
710.000 0.032
720.000 0.030
730.000 0.028
740.000 0.025
750.000 0.026
760.000 0.024
770.000 0.022
780.000 0.021
790.000 0.020
800.000 0.018
810.000 0.017
820.000 0.017
830.000 0.020
840.000 0.018
850.000 0.015
860.000 0.015
870.000 0.016
880.000 0.017
890.000 0.017
900.000 0.018
910.000 0.019
920.000 0.018
930.000 0.018
940.000 0.017
950.000 0.016
960.000 0.016
970.000 0.017
980.000 0.016
990.000 0.016
1000.000 0.016
1010.000 0.017
1020.000 0.016
1030.000 0.016
1040.000 0.016
1050.000 0.017
1060.000 0.016
1070.000 0.017
1080.000 0.016
1090.000 0.017
1100.000 0.017
1110.000 0.017
1120.000 0.017
1130.000 0.017
1140.000 0.016
1150.000 0.017
1160.000 0.017
1170.000 0.017
1180.000 0.017
1190.000 0.017
1200.000 0.016
1210.000 0.018
1220.000 0.017
1230.000 0.016
1240.000 0.017
1250.000 0.016
1260.000 0.014
1270.000 0.016
1280.000 0.016
1290.000 0.015
1300.000 0.015
1310.000 0.017
1320.000 0.017
1330.000 0.018
1340.000 0.019
1350.000 0.021
1360.000 0.021
1370.000 0.021
1380.000 0.021
1390.000 0.021
1400.000 0.023
1410.000 0.022
1420.000 0.022
1430.000 0.023
1440.000 0.024
1450.000 0.023
1460.000 0.024
1470.000 0.024
1480.000 0.025
1490.000 0.026
1500.000 0.027
1510.000 0.026
1520.000 0.027
1530.000 0.028
1540.000 0.029
1550.000 0.030
1560.000 0.030
1570.000 0.032
1580.000 0.033
1590.000 0.035
1600.000 0.035
1610.000 0.035
1620.000 0.037
1630.000 0.039
1640.000 0.039
1650.000 0.042
1660.000 0.042
1670.000 0.044
1680.000 0.045
1690.000 0.046
1700.000 0.049
1710.000 0.050
1720.000 0.053
1730.000 0.055
1740.000 0.057
1750.000 0.059
1760.000 0.061
1770.000 0.064
1780.000 0.069
1790.000 0.070
1800.000 0.073
1810.000 0.076
1820.000 0.082
1830.000 0.083
1840.000 0.087
1850.000 0.092
1860.000 0.097
1870.000 0.102
1880.000 0.108
1890.000 0.112
1900.000 0.119
1910.000 0.122
1920.000 0.129
1930.000 0.138
1940.000 0.142
1950.000 0.150
1960.000 0.154
1970.000 0.162
1980.000 0.167
1990.000 0.174
2000.000 0.183
2010.000 0.185
2020.000 0.193
2030.000 0.199
2040.000 0.202
2050.000 0.209
2060.000 0.210
2070.000 0.215
2080.000 0.219
2090.000 0.221
2100.000 0.225
2110.000 0.227
2120.000 0.230
2130.000 0.233
2140.000 0.233
2150.000 0.238
2160.000 0.239
2170.000 0.242
2180.000 0.244
2190.000 0.249
2200.000 0.253
2210.000 0.257
2220.000 0.262
2230.000 0.266
2240.000 0.272
2250.000 0.281
2260.000 0.287
2270.000 0.297
2280.000 0.304
2290.000 0.317
2300.000 0.331
2310.000 0.340
2320.000 0.356
2330.000 0.364
2340.000 0.382
2350.000 0.400
2360.000 0.407
2370.000 0.419
2380.000 0.424
2390.000 0.427
2400.000 0.425
2410.000 0.414
2420.000 0.394
2430.000 0.382
2440.000 0.355
2450.000 0.324
2460.000 0.311
2470.000 0.296
2480.000 0.269
2490.000 0.246
2500.000 0.223
2510.000 0.213
2520.000 0.195
2530.000 0.186
2540.000 0.171
2550.000 0.159
2560.000 0.152
2570.000 0.146
2580.000 0.136
2590.000 0.127
2600.000 0.118
2610.000 0.114
2620.000 0.107
2630.000 0.104
2640.000 0.097
2650.000 0.093
2660.000 0.091
2670.000 0.084
2680.000 0.082
2690.000 0.079
2700.000 0.077
2710.000 0.073
2720.000 0.070
2730.000 0.068
2740.000 0.065
2750.000 0.063
2760.000 0.061
2770.000 0.058
2780.000 0.057
2790.000 0.055
2800.000 0.055
2810.000 0.053
2820.000 0.051
2830.000 0.049
2840.000 0.048
2850.000 0.048
2860.000 0.046
2870.000 0.046
2880.000 0.044
2890.000 0.042
2900.000 0.042
2910.000 0.041
2920.000 0.040
2930.000 0.039
2940.000 0.038
2950.000 0.037
2960.000 0.037
2970.000 0.036
2980.000 0.036
2990.000 0.035
3000.000 0.034
3010.000 0.034
3020.000 0.033
3030.000 0.033
3040.000 0.032
3050.000 0.032
3060.000 0.031
3070.000 0.030
3080.000 0.030
3090.000 0.029
3100.000 0.029
3110.000 0.029
3120.000 0.028
3130.000 0.028
3140.000 0.028
3150.000 0.027
3160.000 0.027
3170.000 0.027
3180.000 0.026
3190.000 0.026
3200.000 0.026
3210.000 0.025
3220.000 0.025
3230.000 0.025
3240.000 0.025
3250.000 0.025
3260.000 0.023
3270.000 0.024
3280.000 0.024
3290.000 0.024
3300.000 0.023
3310.000 0.023
3320.000 0.023
3330.000 0.022
3340.000 0.022
3350.000 0.023
3360.000 0.021
3370.000 0.022
3380.000 0.022
3390.000 0.021
3400.000 0.022
3410.000 0.022
3420.000 0.021
3430.000 0.021
3440.000 0.021
3450.000 0.021
3460.000 0.020
3470.000 0.021
3480.000 0.020
3490.000 0.020
3500.000 0.020
3510.000 0.020
3520.000 0.020
3530.000 0.020
3540.000 0.020
3550.000 0.019
3560.000 0.020
3570.000 0.020
3580.000 0.020
3590.000 0.020
3600.000 0.019
3610.000 0.020
3620.000 0.019
3630.000 0.019
3640.000 0.020
3650.000 0.019
3660.000 0.019
3670.000 0.020
3680.000 0.019
3690.000 0.019
3700.000 0.020
3710.000 0.019
3720.000 0.019
3730.000 0.019
3740.000 0.019
3750.000 0.019
3760.000 0.020
3770.000 0.019
3780.000 0.020
3790.000 0.020
3800.000 0.020
3810.000 0.020
3820.000 0.020
3830.000 0.019
3840.000 0.020
3850.000 0.020
3860.000 0.020
3870.000 0.020
3880.000 0.020
3890.000 0.020
3900.000 0.020
3910.000 0.021
3920.000 0.020
3930.000 0.020
3940.000 0.021
3950.000 0.021
3960.000 0.021
3970.000 0.022
3980.000 0.022
3990.000 0.022
4000.000 0.022
4010.000 0.022
4020.000 0.023
4030.000 0.022
4040.000 0.023
4050.000 0.023
4060.000 0.024
4070.000 0.023
4080.000 0.024
4090.000 0.024
4100.000 0.024
4110.000 0.025
4120.000 0.025
4130.000 0.025
4140.000 0.026
4150.000 0.026
4160.000 0.026
4170.000 0.027
4180.000 0.027
4190.000 0.028
4200.000 0.029
4210.000 0.030
4220.000 0.030
4230.000 0.031
4240.000 0.032
4250.000 0.032
4260.000 0.033
4270.000 0.034
4280.000 0.035
4290.000 0.036
4300.000 0.037
4310.000 0.038
4320.000 0.038
4330.000 0.038
4340.000 0.039
4350.000 0.039
4360.000 0.040
4370.000 0.040
4380.000 0.040
4390.000 0.040
4400.000 0.041
4410.000 0.042
4420.000 0.043
4430.000 0.044
4440.000 0.047
4450.000 0.049
4460.000 0.053
4470.000 0.056
4480.000 0.062
4490.000 0.070
4500.000 0.075
4510.000 0.087
4520.000 0.097
4530.000 0.113
4540.000 0.124
4550.000 0.154
4560.000 0.199
4570.000 0.225
4580.000 0.295
4590.000 0.373
4600.000 0.401
4610.000 0.400
4620.000 0.370
4630.000 0.307
4640.000 0.257
4650.000 0.238
4660.000 0.207
4670.000 0.195
4680.000 0.177
4690.000 0.161
4700.000 0.154
4710.000 0.142
4720.000 0.138
4730.000 0.129
4740.000 0.120
4750.000 0.116
4760.000 0.108
4770.000 0.104
4780.000 0.098
4790.000 0.091
4800.000 0.087
4810.000 0.082
4820.000 0.079
4830.000 0.074
4840.000 0.070
4850.000 0.067
4860.000 0.065
4870.000 0.061
4880.000 0.058
4890.000 0.055
4900.000 0.053
4910.000 0.051
4920.000 0.048
4930.000 0.046
4940.000 0.045
4950.000 0.042
4960.000 0.041
4970.000 0.040
4980.000 0.038
4990.000 0.036
5000.000 0.036
5010.000 0.035
5020.000 0.034
5030.000 0.032
5040.000 0.031
5050.000 0.031
5060.000 0.029
5070.000 0.029
5080.000 0.028
5090.000 0.027
5100.000 0.027
5110.000 0.026
5120.000 0.025
5130.000 0.024
5140.000 0.024
5150.000 0.023
5160.000 0.023
5170.000 0.023
5180.000 0.022
5190.000 0.021
5200.000 0.021
5210.000 0.021
5220.000 0.021
5230.000 0.020
5240.000 0.020
5250.000 0.019
5260.000 0.020
5270.000 0.019
5280.000 0.019
5290.000 0.019
5300.000 0.018
5310.000 0.018
5320.000 0.018
5330.000 0.017
5340.000 0.017
5350.000 0.017
5360.000 0.017
5370.000 0.016
5380.000 0.017
5390.000 0.016
5400.000 0.017
5410.000 0.016
5420.000 0.016
5430.000 0.015
5440.000 0.016
5450.000 0.015
5460.000 0.015
5470.000 0.015
5480.000 0.015
5490.000 0.014
5500.000 0.014
5510.000 0.014
5520.000 0.014
5530.000 0.015
5540.000 0.014
5550.000 0.014
5560.000 0.015
5570.000 0.014
5580.000 0.013
5590.000 0.014
5600.000 0.014
5610.000 0.014
5620.000 0.014
5630.000 0.013
5640.000 0.013
5650.000 0.013
5660.000 0.013
5670.000 0.013
5680.000 0.013
5690.000 0.013
5700.000 0.013
5710.000 0.013
5720.000 0.013
5730.000 0.013
5740.000 0.013
5750.000 0.013
5760.000 0.013
5770.000 0.013
5780.000 0.013
5790.000 0.013
5800.000 0.013
5810.000 0.013
5820.000 0.013
5830.000 0.013
5840.000 0.013
5850.000 0.012
5860.000 0.013
5870.000 0.013
5880.000 0.013
5890.000 0.013
5900.000 0.013
5910.000 0.013
5920.000 0.013
5930.000 0.013
5940.000 0.013
5950.000 0.013
5960.000 0.013
5970.000 0.014
5980.000 0.013
5990.000 0.013
6000.000 0.014
6010.000 0.013
6020.000 0.014
6030.000 0.013
6040.000 0.014
6050.000 0.014
6060.000 0.014
6070.000 0.014
6080.000 0.014
6090.000 0.014
6100.000 0.014
6110.000 0.014
6120.000 0.014
6130.000 0.014
6140.000 0.014
6150.000 0.014
6160.000 0.014
6170.000 0.014
6180.000 0.014
6190.000 0.014
6200.000 0.014
6210.000 0.015
6220.000 0.014
6230.000 0.015
6240.000 0.014
6250.000 0.014
6260.000 0.015
6270.000 0.015
6280.000 0.015
6290.000 0.014
6300.000 0.015
6310.000 0.015
6320.000 0.016
6330.000 0.016
6340.000 0.016
6350.000 0.016
6360.000 0.016
6370.000 0.017
6380.000 0.017
6390.000 0.017
6400.000 0.017
6410.000 0.017
6420.000 0.018
6430.000 0.018
6440.000 0.019
6450.000 0.019
6460.000 0.020
6470.000 0.020
6480.000 0.021
6490.000 0.021
6500.000 0.021
6510.000 0.022
6520.000 0.023
6530.000 0.023
6540.000 0.024
6550.000 0.025
6560.000 0.025
6570.000 0.026
6580.000 0.027
6590.000 0.028
6600.000 0.029
6610.000 0.030
6620.000 0.031
6630.000 0.032
6640.000 0.033
6650.000 0.035
6660.000 0.037
6670.000 0.039
6680.000 0.039
6690.000 0.042
6700.000 0.046
6710.000 0.047
6720.000 0.051
6730.000 0.053
6740.000 0.058
6750.000 0.064
6760.000 0.068
6770.000 0.076
6780.000 0.087
6790.000 0.094
6800.000 0.111
6810.000 0.120
6820.000 0.146
6830.000 0.163
6840.000 0.204
6850.000 0.250
6860.000 0.268
6870.000 0.266
6880.000 0.244
6890.000 0.192
6900.000 0.151
6910.000 0.135
6920.000 0.110
6930.000 0.093
6940.000 0.086
6950.000 0.075
6960.000 0.070
6970.000 0.063
6980.000 0.057
6990.000 0.054
7000.000 0.052
7010.000 0.047
7020.000 0.044
7030.000 0.043
7040.000 0.039
7050.000 0.038
7060.000 0.036
7070.000 0.034
7080.000 0.032
7090.000 0.031
7100.000 0.029
7110.000 0.029
7120.000 0.028
7130.000 0.027
7140.000 0.025
7150.000 0.025
7160.000 0.024
7170.000 0.023
7180.000 0.022
7190.000 0.022
7200.000 0.021
7210.000 0.020
7220.000 0.020
7230.000 0.020
7240.000 0.019
7250.000 0.018
7260.000 0.018
7270.000 0.018
7280.000 0.017
7290.000 0.017
7300.000 0.016
7310.000 0.016
7320.000 0.017
7330.000 0.015
7340.000 0.016
7350.000 0.016
7360.000 0.015
7370.000 0.014
7380.000 0.014
7390.000 0.014
7400.000 0.014
7410.000 0.014
7420.000 0.013
7430.000 0.014
7440.000 0.013
7450.000 0.013
7460.000 0.013
7470.000 0.012
7480.000 0.012
7490.000 0.012
7500.000 0.011
7510.000 0.012
7520.000 0.011
7530.000 0.011
7540.000 0.012
7550.000 0.011
7560.000 0.011
7570.000 0.011
7580.000 0.011
7590.000 0.011
7600.000 0.010
7610.000 0.010
7620.000 0.010
7630.000 0.010
7640.000 0.010
7650.000 0.010
7660.000 0.010
7670.000 0.010
7680.000 0.010
7690.000 0.010
7700.000 0.010
7710.000 0.010
7720.000 0.010
7730.000 0.009
7740.000 0.009
7750.000 0.009
7760.000 0.009
7770.000 0.009
7780.000 0.009
7790.000 0.010
7800.000 0.009
7810.000 0.009
7820.000 0.008
7830.000 0.009
7840.000 0.009
7850.000 0.009
7860.000 0.009
7870.000 0.009
7880.000 0.008
7890.000 0.009
7900.000 0.009
7910.000 0.009
7920.000 0.008
7930.000 0.009
7940.000 0.008
7950.000 0.009
7960.000 0.009
7970.000 0.009
7980.000 0.009
7990.000 0.009
8000.000 0.009
8010.000 0.009
8020.000 0.009
8030.000 0.007
8040.000 0.007
8050.000 0.007
8060.000 0.007
8070.000 0.007
8080.000 0.008
8090.000 0.007
8100.000 0.007
8110.000 0.008
8120.000 0.007
8130.000 0.008
8140.000 0.008
8150.000 0.008
8160.000 0.007
8170.000 0.007
8180.000 0.008
8190.000 0.008
8200.000 0.007
8210.000 0.007
8220.000 0.007
8230.000 0.007
8240.000 0.007
8250.000 0.008
8260.000 0.007
8270.000 0.007
8280.000 0.008
8290.000 0.007
8300.000 0.007
8310.000 0.007
8320.000 0.007
8330.000 0.008
8340.000 0.007
8350.000 0.008
8360.000 0.009
8370.000 0.010
8380.000 0.009
8390.000 0.009
8400.000 0.010
8410.000 0.010
8420.000 0.010
8430.000 0.010
8440.000 0.009
8450.000 0.009
8460.000 0.010
8470.000 0.010
8480.000 0.009
8490.000 0.010
8500.000 0.010
8510.000 0.010
8520.000 0.010
8530.000 0.010
8540.000 0.010
8550.000 0.010
8560.000 0.011
8570.000 0.011
8580.000 0.011
8590.000 0.011
8600.000 0.011
8610.000 0.011
8620.000 0.011
8630.000 0.012
8640.000 0.012
8650.000 0.012
8660.000 0.012
8670.000 0.012
8680.000 0.012
8690.000 0.012
8700.000 0.012
8710.000 0.013
8720.000 0.014
8730.000 0.013
8740.000 0.014
8750.000 0.014
8760.000 0.014
8770.000 0.015
8780.000 0.015
8790.000 0.015
8800.000 0.016
8810.000 0.016
8820.000 0.016
8830.000 0.017
8840.000 0.017
8850.000 0.018
8860.000 0.019
8870.000 0.019
8880.000 0.020
8890.000 0.021
8900.000 0.021
8910.000 0.022
8920.000 0.023
8930.000 0.024
8940.000 0.025
8950.000 0.026
8960.000 0.028
8970.000 0.030
8980.000 0.030
8990.000 0.033
9000.000 0.034
9010.000 0.037
9020.000 0.039
9030.000 0.043
9040.000 0.048
9050.000 0.050
9060.000 0.058
9070.000 0.065
9080.000 0.072
9090.000 0.084
9100.000 0.092
9110.000 0.112
9120.000 0.134
9130.000 0.145
9140.000 0.155
9150.000 0.152
9160.000 0.130
9170.000 0.105
9180.000 0.095
9190.000 0.079
9200.000 0.072
9210.000 0.062
9220.000 0.055
9230.000 0.051
9240.000 0.046
9250.000 0.043
9260.000 0.039
9270.000 0.035
9280.000 0.033
9290.000 0.030
9300.000 0.029
9310.000 0.027
9320.000 0.026
9330.000 0.024
9340.000 0.024
9350.000 0.022
9360.000 0.021
9370.000 0.020
9380.000 0.019
9390.000 0.018
9400.000 0.018
9410.000 0.017
9420.000 0.016
9430.000 0.016
9440.000 0.015
9450.000 0.015
9460.000 0.015
9470.000 0.014
9480.000 0.014
9490.000 0.013
9500.000 0.013
9510.000 0.012
9520.000 0.012
9530.000 0.011
9540.000 0.011
9550.000 0.012
9560.000 0.010
9570.000 0.011
9580.000 0.010
9590.000 0.010
9600.000 0.010
9610.000 0.010
9620.000 0.010
9630.000 0.009
9640.000 0.009
9650.000 0.009
9660.000 0.009
9670.000 0.009
9680.000 0.008
9690.000 0.009
9700.000 0.008
9710.000 0.008
9720.000 0.008
9730.000 0.008
9740.000 0.007
9750.000 0.008
9760.000 0.007
9770.000 0.007
9780.000 0.008
9790.000 0.007
9800.000 0.007
9810.000 0.007
9820.000 0.007
9830.000 0.007
9840.000 0.007
9850.000 0.007
9860.000 0.007
9870.000 0.007
9880.000 0.006
9890.000 0.006
9900.000 0.006
9910.000 0.006
9920.000 0.006
9930.000 0.006
9940.000 0.006
9950.000 0.006
9960.000 0.006
9970.000 0.006
9980.000 0.006
9990.000 0.006
10000.000 0.005
10010.000 0.005
10020.000 0.006
10030.000 0.006
10040.000 0.005
10050.000 0.005
10060.000 0.005
10070.000 0.006
10080.000 0.005
10090.000 0.005
10100.000 0.005
10110.000 0.005
10120.000 0.005
10130.000 0.005
10140.000 0.005
10150.000 0.005
10160.000 0.005
10170.000 0.005
10180.000 0.005
10190.000 0.005
10200.000 0.005
10210.000 0.005
10220.000 0.005
10230.000 0.005
10240.000 0.005
10250.000 0.005
10260.000 0.005
10270.000 0.005
10280.000 0.005
10290.000 0.005
10300.000 0.004
10310.000 0.005
10320.000 0.005
10330.000 0.005
10340.000 0.005
10350.000 0.005
10360.000 0.005
10370.000 0.005
10380.000 0.005
10390.000 0.004
10400.000 0.005
10410.000 0.005
10420.000 0.005
10430.000 0.005
10440.000 0.005
10450.000 0.005
10460.000 0.005
10470.000 0.005
10480.000 0.005
10490.000 0.005
10500.000 0.005
10510.000 0.005
10520.000 0.005
10530.000 0.005
10540.000 0.005
10550.000 0.005
10560.000 0.004
10570.000 0.005
10580.000 0.003
10590.000 0.003
10600.000 0.004
10610.000 0.004
10620.000 0.004
10630.000 0.004
10640.000 0.005
10650.000 0.005
10660.000 0.004
10670.000 0.004
10680.000 0.004
10690.000 0.004
10700.000 0.004
10710.000 0.005
10720.000 0.005
10730.000 0.005
10740.000 0.005
10750.000 0.005
10760.000 0.005
10770.000 0.005
10780.000 0.004
10790.000 0.005
10800.000 0.005
10810.000 0.005
10820.000 0.005
10830.000 0.005
10840.000 0.006
10850.000 0.005
10860.000 0.006
10870.000 0.005
10880.000 0.006
10890.000 0.006
10900.000 0.006
10910.000 0.006
10920.000 0.006
10930.000 0.006
10940.000 0.006
10950.000 0.006
10960.000 0.006
10970.000 0.006
10980.000 0.006
10990.000 0.007
11000.000 0.007
11010.000 0.007
11020.000 0.007
11030.000 0.007
11040.000 0.007
11050.000 0.008
11060.000 0.007
11070.000 0.008
11080.000 0.008
11090.000 0.008
11100.000 0.008
11110.000 0.009
11120.000 0.009
11130.000 0.009
11140.000 0.010
11150.000 0.010
11160.000 0.010
11170.000 0.011
11180.000 0.011
11190.000 0.012
11200.000 0.012
11210.000 0.013
11220.000 0.013
11230.000 0.014
11240.000 0.015
11250.000 0.015
11260.000 0.016
11270.000 0.018
11280.000 0.019
11290.000 0.021
11300.000 0.023
11310.000 0.025
11320.000 0.027
11330.000 0.028
11340.000 0.033
11350.000 0.039
11360.000 0.046
11370.000 0.051
11380.000 0.060
11390.000 0.065
11400.000 0.071
11410.000 0.072
11420.000 0.066
11430.000 0.061
11440.000 0.051
11450.000 0.042
11460.000 0.036
11470.000 0.033
11480.000 0.031
11490.000 0.027
11500.000 0.024
11510.000 0.021
11520.000 0.021
11530.000 0.020
11540.000 0.018
11550.000 0.016
11560.000 0.016
11570.000 0.015
11580.000 0.015
11590.000 0.014
11600.000 0.013
11610.000 0.013
11620.000 0.012
11630.000 0.012
11640.000 0.010
11650.000 0.011
11660.000 0.010
11670.000 0.010
11680.000 0.009
11690.000 0.009
11700.000 0.009
11710.000 0.009
11720.000 0.008
11730.000 0.009
11740.000 0.008
11750.000 0.008
11760.000 0.008
11770.000 0.007
11780.000 0.007
11790.000 0.007
11800.000 0.007
11810.000 0.007
11820.000 0.007
11830.000 0.006
11840.000 0.006
11850.000 0.006
11860.000 0.006
11870.000 0.006
11880.000 0.006
11890.000 0.006
11900.000 0.006
11910.000 0.006
11920.000 0.006
11930.000 0.006
11940.000 0.006
11950.000 0.005
11960.000 0.005
11970.000 0.005
11980.000 0.005
11990.000 0.005
12000.000 0.005
12010.000 0.005
12020.000 0.005
12030.000 0.004
12040.000 0.004
12050.000 0.005
12060.000 0.004
12070.000 0.005
12080.000 0.005
12090.000 0.004
12100.000 0.005
12110.000 0.004
12120.000 0.005
12130.000 0.004
12140.000 0.004
12150.000 0.004
12160.000 0.003
12170.000 0.004
12180.000 0.004
12190.000 0.004
12200.000 0.004
12210.000 0.005
12220.000 0.004
12230.000 0.004
12240.000 0.004
12250.000 0.005
12260.000 0.004
12270.000 0.004
12280.000 0.004
12290.000 0.004
12300.000 0.004
12310.000 0.004
12320.000 0.004
12330.000 0.005
12340.000 0.004
12350.000 0.005
12360.000 0.004
12370.000 0.004
12380.000 0.004
12390.000 0.004
12400.000 0.004
12410.000 0.004
12420.000 0.004
12430.000 0.004
12440.000 0.005
12450.000 0.004
12460.000 0.004
12470.000 0.004
12480.000 0.004
12490.000 0.004
12500.000 0.004
12510.000 0.004
12520.000 0.004
12530.000 0.004
12540.000 0.004
12550.000 0.004
12560.000 0.004
12570.000 0.004
12580.000 0.004
12590.000 0.004
12600.000 0.004
12610.000 0.004
12620.000 0.004
12630.000 0.005
12640.000 0.004
12650.000 0.005
12660.000 0.004
12670.000 0.004
12680.000 0.004
12690.000 0.004
12700.000 0.004
12710.000 0.004
12720.000 0.004
12730.000 0.004
12740.000 0.004
12750.000 0.004
12760.000 0.004
12770.000 0.005
12780.000 0.004
12790.000 0.005
12800.000 0.004
12810.000 0.004
12820.000 0.004
12830.000 0.005
12840.000 0.005
12850.000 0.004
12860.000 0.004
12870.000 0.004
12880.000 0.004
12890.000 0.005
12900.000 0.004
12910.000 0.004
12920.000 0.004
12930.000 0.004
12940.000 0.005
12950.000 0.004
12960.000 0.005
12970.000 0.005
12980.000 0.005
12990.000 0.005
13000.000 0.004
13010.000 0.005
13020.000 0.005
13030.000 0.005
13040.000 0.005
13050.000 0.005
13060.000 0.005
13070.000 0.005
13080.000 0.005
13090.000 0.005
13100.000 0.005
13110.000 0.005
13120.000 0.005
13130.000 0.006
13140.000 0.006
13150.000 0.005
13160.000 0.006
13170.000 0.005
13180.000 0.005
13190.000 0.006
13200.000 0.006
13210.000 0.006
13220.000 0.006
13230.000 0.006
13240.000 0.006
13250.000 0.007
13260.000 0.006
13270.000 0.007
13280.000 0.006
13290.000 0.007
13300.000 0.007
13310.000 0.007
13320.000 0.007
13330.000 0.008
13340.000 0.007
13350.000 0.008
13360.000 0.008
13370.000 0.009
13380.000 0.008
13390.000 0.009
13400.000 0.010
13410.000 0.009
13420.000 0.010
13430.000 0.011
13440.000 0.011
13450.000 0.011
13460.000 0.012
13470.000 0.013
13480.000 0.013
13490.000 0.014
13500.000 0.015
13510.000 0.016
13520.000 0.017
13530.000 0.018
13540.000 0.019
13550.000 0.021
13560.000 0.022
13570.000 0.023
13580.000 0.026
13590.000 0.030
13600.000 0.033
13610.000 0.035
13620.000 0.039
13630.000 0.040
13640.000 0.041
13650.000 0.039
13660.000 0.038
13670.000 0.034
13680.000 0.032
13690.000 0.028
13700.000 0.024
13710.000 0.022
13720.000 0.020
13730.000 0.019
13740.000 0.017
13750.000 0.015
13760.000 0.015
13770.000 0.014
13780.000 0.013
13790.000 0.011
13800.000 0.011
13810.000 0.010
13820.000 0.010
13830.000 0.009
13840.000 0.009
13850.000 0.009
13860.000 0.008
13870.000 0.008
13880.000 0.007
13890.000 0.007
13900.000 0.007
13910.000 0.006
13920.000 0.006
13930.000 0.006
13940.000 0.006
13950.000 0.006
13960.000 0.005
13970.000 0.006
13980.000 0.006
13990.000 0.005
14000.000 0.005
14010.000 0.005
14020.000 0.005
14030.000 0.005
14040.000 0.005
14050.000 0.004
14060.000 0.004
14070.000 0.004
14080.000 0.004
14090.000 0.004
14100.000 0.004
14110.000 0.004
14120.000 0.004
14130.000 0.003
14140.000 0.004
14150.000 0.004
14160.000 0.003
14170.000 0.003
14180.000 0.004
14190.000 0.003
14200.000 0.003
14210.000 0.003
14220.000 0.003
14230.000 0.003
14240.000 0.004
14250.000 0.004
14260.000 0.003
14270.000 0.003
14280.000 0.003
14290.000 0.003
14300.000 0.003
14310.000 0.003
14320.000 0.003
14330.000 0.003
14340.000 0.002
14350.000 0.003
14360.000 0.003
14370.000 0.002
14380.000 0.003
14390.000 0.003
14400.000 0.003
14410.000 0.003
14420.000 0.002
14430.000 0.002
14440.000 0.003
14450.000 0.003
14460.000 0.003
14470.000 0.003
14480.000 0.003
14490.000 0.003
14500.000 0.003
14510.000 0.002
14520.000 0.003
14530.000 0.002
14540.000 0.003
14550.000 0.003
14560.000 0.002
14570.000 0.003
14580.000 0.002
14590.000 0.002
14600.000 0.003
14610.000 0.002
14620.000 0.002
14630.000 0.002
14640.000 0.003
14650.000 0.002
14660.000 0.002
14670.000 0.002
14680.000 0.002
14690.000 0.002
14700.000 0.003
14710.000 0.003
14720.000 0.002
14730.000 0.002
14740.000 0.002
14750.000 0.002
14760.000 0.003
14770.000 0.003
14780.000 0.002
14790.000 0.002
14800.000 0.002
14810.000 0.002
14820.000 0.003
14830.000 0.003
14840.000 0.003
14850.000 0.002
14860.000 0.002
14870.000 0.002
14880.000 0.002
14890.000 0.002
14900.000 0.002
14910.000 0.002
14920.000 0.002
14930.000 0.002
14940.000 0.002
14950.000 0.002
14960.000 0.002
14970.000 0.002
14980.000 0.002
14990.000 0.002
15000.000 0.002
15010.000 0.002
15020.000 0.002
15030.000 0.002
15040.000 0.002
15050.000 0.002
15060.000 0.003
15070.000 0.002
15080.000 0.002
15090.000 0.002
15100.000 0.002
15110.000 0.002
15120.000 0.002
15130.000 0.002
15140.000 0.002
15150.000 0.002
15160.000 0.002
15170.000 0.002
15180.000 0.002
15190.000 0.003
15200.000 0.002
15210.000 0.002
15220.000 0.002
15230.000 0.002
15240.000 0.002
15250.000 0.002
15260.000 0.002
15270.000 0.002
15280.000 0.002
15290.000 0.002
15300.000 0.002
15310.000 0.002
15320.000 0.002
15330.000 0.002
15340.000 0.002
15350.000 0.002
15360.000 0.002
15370.000 0.002
15380.000 0.002
15390.000 0.003
15400.000 0.003
15410.000 0.003
15420.000 0.002
15430.000 0.002
15440.000 0.003
15450.000 0.002
15460.000 0.002
15470.000 0.002
15480.000 0.003
15490.000 0.003
15500.000 0.002
15510.000 0.003
15520.000 0.003
15530.000 0.003
15540.000 0.002
15550.000 0.003
15560.000 0.003
15570.000 0.003
15580.000 0.002
15590.000 0.003
15600.000 0.003
15610.000 0.003
15620.000 0.003
15630.000 0.003
15640.000 0.003
15650.000 0.003
15660.000 0.003
15670.000 0.003
15680.000 0.003
15690.000 0.003
15700.000 0.003
15710.000 0.003
15720.000 0.003
15730.000 0.003
15740.000 0.003
15750.000 0.003
15760.000 0.003
15770.000 0.003
15780.000 0.003
15790.000 0.003
15800.000 0.003
15810.000 0.003
15820.000 0.004
15830.000 0.004
15840.000 0.003
15850.000 0.004
15860.000 0.004
15870.000 0.004
15880.000 0.005
15890.000 0.005
15900.000 0.004
15910.000 0.004
15920.000 0.005
15930.000 0.005
15940.000 0.005
15950.000 0.005
15960.000 0.005
15970.000 0.005
15980.000 0.005
15990.000 0.006
16000.000 0.005
16010.000 0.006
16020.000 0.006
16030.000 0.007
16040.000 0.006
16050.000 0.007
16060.000 0.007
16070.000 0.008
16080.000 0.007
16090.000 0.008
16100.000 0.007
16110.000 0.008
16120.000 0.008
16130.000 0.008
16140.000 0.008
16150.000 0.008
16160.000 0.008
16170.000 0.008
16180.000 0.008
16190.000 0.008
16200.000 0.008
16210.000 0.007
16220.000 0.007
16230.000 0.007
16240.000 0.006
16250.000 0.007
16260.000 0.006
16270.000 0.006
16280.000 0.006
16290.000 0.006
16300.000 0.007
16310.000 0.006
16320.000 0.006
16330.000 0.005
16340.000 0.006
16350.000 0.006
16360.000 0.006
16370.000 0.005
16380.000 0.005
16390.000 0.006
16400.000 0.006
16410.000 0.006
16420.000 0.006
16430.000 0.006
16440.000 0.006
16450.000 0.006
16460.000 0.006
16470.000 0.006
16480.000 0.006
16490.000 0.006
16500.000 0.007
16510.000 0.007
16520.000 0.007
16530.000 0.008
16540.000 0.008
16550.000 0.008
16560.000 0.009
16570.000 0.009
16580.000 0.011
16590.000 0.011
16600.000 0.012
16610.000 0.013
16620.000 0.013
16630.000 0.014
16640.000 0.015
16650.000 0.015
16660.000 0.016
16670.000 0.015
16680.000 0.016
16690.000 0.015
16700.000 0.015
16710.000 0.015
16720.000 0.014
16730.000 0.013
16740.000 0.013
16750.000 0.013
16760.000 0.013
16770.000 0.013
16780.000 0.012
16790.000 0.012
16800.000 0.013
16810.000 0.013
16820.000 0.012
16830.000 0.013
16840.000 0.013
16850.000 0.013
16860.000 0.013
16870.000 0.014
16880.000 0.013
16890.000 0.013
16900.000 0.014
16910.000 0.014
16920.000 0.015
16930.000 0.015
16940.000 0.015
16950.000 0.016
16960.000 0.016
16970.000 0.017
16980.000 0.017
16990.000 0.018
17000.000 0.019
17010.000 0.020
17020.000 0.020
17030.000 0.021
17040.000 0.022
17050.000 0.023
17060.000 0.023
17070.000 0.024
17080.000 0.024
17090.000 0.025
17100.000 0.024
17110.000 0.024
17120.000 0.023
17130.000 0.023
17140.000 0.022
17150.000 0.021
17160.000 0.020
17170.000 0.019
17180.000 0.018
17190.000 0.017
17200.000 0.016
17210.000 0.015
17220.000 0.014
17230.000 0.013
17240.000 0.013
17250.000 0.012
17260.000 0.012
17270.000 0.011
17280.000 0.010
17290.000 0.010
17300.000 0.010
17310.000 0.010
17320.000 0.009
17330.000 0.009
17340.000 0.009
17350.000 0.008
17360.000 0.009
17370.000 0.008
17380.000 0.008
17390.000 0.008
17400.000 0.007
17410.000 0.008
17420.000 0.007
17430.000 0.007
17440.000 0.007
17450.000 0.007
17460.000 0.007
17470.000 0.007
17480.000 0.006
17490.000 0.007
17500.000 0.007
17510.000 0.008
17520.000 0.007
17530.000 0.007
17540.000 0.008
17550.000 0.008
17560.000 0.007
17570.000 0.008
17580.000 0.007
17590.000 0.008
17600.000 0.009
17610.000 0.008
17620.000 0.008
17630.000 0.008
17640.000 0.009
17650.000 0.009
17660.000 0.009
17670.000 0.010
17680.000 0.010
17690.000 0.010
17700.000 0.012
17710.000 0.012
17720.000 0.013
17730.000 0.013
17740.000 0.013
17750.000 0.014
17760.000 0.015
17770.000 0.015
17780.000 0.015
17790.000 0.015
17800.000 0.015
17810.000 0.015
17820.000 0.015
17830.000 0.014
17840.000 0.013
17850.000 0.013
17860.000 0.013
17870.000 0.012
17880.000 0.011
17890.000 0.011
17900.000 0.011
17910.000 0.011
17920.000 0.011
17930.000 0.010
17940.000 0.010
17950.000 0.010
17960.000 0.010
17970.000 0.009
17980.000 0.009
17990.000 0.009
18000.000 0.009
18010.000 0.009
18020.000 0.008
18030.000 0.008
18040.000 0.008
18050.000 0.008
18060.000 0.008
18070.000 0.008
18080.000 0.008
18090.000 0.009
18100.000 0.008
18110.000 0.008
18120.000 0.009
18130.000 0.008
18140.000 0.008
18150.000 0.009
18160.000 0.009
18170.000 0.009
18180.000 0.009
18190.000 0.009
18200.000 0.010
18210.000 0.010
18220.000 0.010
18230.000 0.010
18240.000 0.010
18250.000 0.010
18260.000 0.010
18270.000 0.010
18280.000 0.009
18290.000 0.008
18300.000 0.007
18310.000 0.007
18320.000 0.006
18330.000 0.006
18340.000 0.005
18350.000 0.004
18360.000 0.005
18370.000 0.004
18380.000 0.004
18390.000 0.003
18400.000 0.003
18410.000 0.003
18420.000 0.003
18430.000 0.004
18440.000 0.003
18450.000 0.003
18460.000 0.003
18470.000 0.004
18480.000 0.004
18490.000 0.004
18500.000 0.004
18510.000 0.004
18520.000 0.004
18530.000 0.004
18540.000 0.005
18550.000 0.004
18560.000 0.005
18570.000 0.005
18580.000 0.006
18590.000 0.006
18600.000 0.007
18610.000 0.006
18620.000 0.006
18630.000 0.006
18640.000 0.007
18650.000 0.007
18660.000 0.008
18670.000 0.009
18680.000 0.009
18690.000 0.009
18700.000 0.010
18710.000 0.010
18720.000 0.011
18730.000 0.010
18740.000 0.011
18750.000 0.011
18760.000 0.012
18770.000 0.013
18780.000 0.013
18790.000 0.013
18800.000 0.013
18810.000 0.012
18820.000 0.013
18830.000 0.013
18840.000 0.013
18850.000 0.012
18860.000 0.013
18870.000 0.013
18880.000 0.013
18890.000 0.012
18900.000 0.012
18910.000 0.012
18920.000 0.012
18930.000 0.012
18940.000 0.011
18950.000 0.012
18960.000 0.011
18970.000 0.011
18980.000 0.011
18990.000 0.011
19000.000 0.010
19010.000 0.010
19020.000 0.010
19030.000 0.010
19040.000 0.010
19050.000 0.009
19060.000 0.009
19070.000 0.009
19080.000 0.009
19090.000 0.009
19100.000 0.008
19110.000 0.008
19120.000 0.009
19130.000 0.008
19140.000 0.008
19150.000 0.008
19160.000 0.007
19170.000 0.007
19180.000 0.008
19190.000 0.007
19200.000 0.007
19210.000 0.006
19220.000 0.006
19230.000 0.006
19240.000 0.007
19250.000 0.007
19260.000 0.006
19270.000 0.006
19280.000 0.006
19290.000 0.006
19300.000 0.006
19310.000 0.006
19320.000 0.006
19330.000 0.006
19340.000 0.005
19350.000 0.006
19360.000 0.006
19370.000 0.005
19380.000 0.005
19390.000 0.006
19400.000 0.006
19410.000 0.005
19420.000 0.005
19430.000 0.005
19440.000 0.005
19450.000 0.005
19460.000 0.005
19470.000 0.005
19480.000 0.005
19490.000 0.005
19500.000 0.005
19510.000 0.006
19520.000 0.005
19530.000 0.005
19540.000 0.005
19550.000 0.005
19560.000 0.005
19570.000 0.006
19580.000 0.005
19590.000 0.005
19600.000 0.005
19610.000 0.005
19620.000 0.006
19630.000 0.006
19640.000 0.006
19650.000 0.006
19660.000 0.006
19670.000 0.006
19680.000 0.006
19690.000 0.007
19700.000 0.006
19710.000 0.006
19720.000 0.006
19730.000 0.007
19740.000 0.007
19750.000 0.007
19760.000 0.007
19770.000 0.007
19780.000 0.007
19790.000 0.008
19800.000 0.008
19810.000 0.008
19820.000 0.008
19830.000 0.009
19840.000 0.009
19850.000 0.009
19860.000 0.010
19870.000 0.010
19880.000 0.010
19890.000 0.011
19900.000 0.012
19910.000 0.012
19920.000 0.012
19930.000 0.012
19940.000 0.013
19950.000 0.014
19960.000 0.015
19970.000 0.014
19980.000 0.016
19990.000 0.016
20000.000 0.017
20010.000 0.016
20020.000 0.016
20030.000 0.017
20040.000 0.016
20050.000 0.016
20060.000 0.015
20070.000 0.015
20080.000 0.014
20090.000 0.014
20100.000 0.013
20110.000 0.013
20120.000 0.012
20130.000 0.011
20140.000 0.011
20150.000 0.011
20160.000 0.010
20170.000 0.010
20180.000 0.010
20190.000 0.009
20200.000 0.009
20210.000 0.009
20220.000 0.008
20230.000 0.008
20240.000 0.008
20250.000 0.007
20260.000 0.008
20270.000 0.007
20280.000 0.007
20290.000 0.007
20300.000 0.006
20310.000 0.006
20320.000 0.006
20330.000 0.006
20340.000 0.006
20350.000 0.006
20360.000 0.006
20370.000 0.006
20380.000 0.006
20390.000 0.006
20400.000 0.005
20410.000 0.005
20420.000 0.005
20430.000 0.005
20440.000 0.005
20450.000 0.004
20460.000 0.004
20470.000 0.004
20480.000 0.004
20490.000 0.004
20500.000 0.003
20510.000 0.003
20520.000 0.003
20530.000 0.003
20540.000 0.004
20550.000 0.004
20560.000 0.004
20570.000 0.005
20580.000 0.005
20590.000 0.005
20600.000 0.005
20610.000 0.006
20620.000 0.006
20630.000 0.006
20640.000 0.007
20650.000 0.007
20660.000 0.006
20670.000 0.006
20680.000 0.006
20690.000 0.006
20700.000 0.006
20710.000 0.006
20720.000 0.005
20730.000 0.006
20740.000 0.006
20750.000 0.007
20760.000 0.006
20770.000 0.006
20780.000 0.006
20790.000 0.006
20800.000 0.006
20810.000 0.006
20820.000 0.006
20830.000 0.005
20840.000 0.005
20850.000 0.005
20860.000 0.006
20870.000 0.006
20880.000 0.006
20890.000 0.007
20900.000 0.006
20910.000 0.006
20920.000 0.007
20930.000 0.007
20940.000 0.007
20950.000 0.005
20960.000 0.008
20970.000 0.007
20980.000 0.005
20990.000 0.006
21000.000 0.006
21010.000 0.007
21020.000 0.007
21030.000 0.008
21040.000 0.008
21050.000 0.006
21060.000 0.008
21070.000 0.007
21080.000 0.007
21090.000 0.008
21100.000 0.007
21110.000 0.008
21120.000 0.008
21130.000 0.007
21140.000 0.008
21150.000 0.008
21160.000 0.009
21170.000 0.008
21180.000 0.009
21190.000 0.009
21200.000 0.009
21210.000 0.009
21220.000 0.009
21230.000 0.009
21240.000 0.010
21250.000 0.010
21260.000 0.011
21270.000 0.011
21280.000 0.012
21290.000 0.011
21300.000 0.012
21310.000 0.013
21320.000 0.013
21330.000 0.013
21340.000 0.013
21350.000 0.013
21360.000 0.012
21370.000 0.013
21380.000 0.012
21390.000 0.012
21400.000 0.011
21410.000 0.011
21420.000 0.011
21430.000 0.011
21440.000 0.010
21450.000 0.011
21460.000 0.009
21470.000 0.009
21480.000 0.008
21490.000 0.008
21500.000 0.008
21510.000 0.007
21520.000 0.007
21530.000 0.006
21540.000 0.006
21550.000 0.006
21560.000 0.006
21570.000 0.005
21580.000 0.005
21590.000 0.005
21600.000 0.005
21610.000 0.005
21620.000 0.004
21630.000 0.005
21640.000 0.004
21650.000 0.004
21660.000 0.004
21670.000 0.004
21680.000 0.004
21690.000 0.004
21700.000 0.003
21710.000 0.003
21720.000 0.003
21730.000 0.003
21740.000 0.003
21750.000 0.003
21760.000 0.003
21770.000 0.003
21780.000 0.003
21790.000 0.002
21800.000 0.002
21810.000 0.002
21820.000 0.003
21830.000 0.002
21840.000 0.002
21850.000 0.002
21860.000 0.002
21870.000 0.002
21880.000 0.002
21890.000 0.002
21900.000 0.002
21910.000 0.002
21920.000 0.002
21930.000 0.002
21940.000 0.002
21950.000 0.002
21960.000 0.002
21970.000 0.002
21980.000 0.002
21990.000 0.002
22000.000 0.002
