10.000 0.039
20.000 0.559
30.000 0.083
40.000 0.117
50.000 0.143
60.000 0.145
70.000 0.144
80.000 0.084
90.000 0.091
100.000 0.096
110.000 0.090
120.000 0.086
130.000 0.079
140.000 0.069
150.000 0.061
160.000 0.051
170.000 0.058
180.000 0.075
190.000 0.069
200.000 0.050
210.000 0.079
220.000 0.056
230.000 0.046
240.000 0.036
250.000 0.064
260.000 0.062
270.000 0.059
280.000 0.065
290.000 0.056
300.000 0.056
310.000 0.051
320.000 0.042
330.000 0.054
340.000 0.051
350.000 0.060
360.000 0.039
370.000 0.027
380.000 0.028
390.000 0.026
400.000 0.029
410.000 0.024
420.000 0.024
430.000 0.023
440.000 0.027
450.000 0.029
460.000 0.029
470.000 0.035
480.000 0.045
490.000 0.059
500.000 0.077
510.000 0.123
520.000 0.152
530.000 0.141
540.000 0.112
550.000 0.105
560.000 0.094
570.000 0.086
580.000 0.085
590.000 0.077
600.000 0.069
610.000 0.063
620.000 0.059
630.000 0.051
640.000 0.047
650.000 0.041
660.000 0.039
670.000 0.035
680.000 0.036
690.000 0.032
700.000 0.033
710.000 0.031
720.000 0.033
730.000 0.034
740.000 0.038
750.000 0.043
760.000 0.047
770.000 0.045
780.000 0.039
790.000 0.019
800.000 0.012
810.000 0.011
820.000 0.008
830.000 0.009
840.000 0.008
850.000 0.006
860.000 0.007
870.000 0.006
880.000 0.006
890.000 0.005
900.000 0.003
910.000 0.004
920.000 0.003
930.000 0.002
940.000 0.002
950.000 0.004
960.000 0.004
970.000 0.005
980.000 0.009
990.000 0.016
1000.000 0.032
1010.000 0.038
1020.000 0.039
1030.000 0.027
1040.000 0.022
1050.000 0.021
1060.000 0.019
1070.000 0.019
1080.000 0.018
1090.000 0.016
1100.000 0.017
1110.000 0.016
1120.000 0.016
1130.000 0.016
1140.000 0.016
1150.000 0.016
1160.000 0.017
1170.000 0.018
1180.000 0.019
1190.000 0.020
1200.000 0.024
1210.000 0.025
1220.000 0.033
1230.000 0.037
1240.000 0.049
1250.000 0.051
1260.000 0.038
1270.000 0.019
1280.000 0.017
1290.000 0.013
1300.000 0.013
1310.000 0.012
1320.000 0.011
1330.000 0.011
1340.000 0.011
1350.000 0.010
1360.000 0.010
1370.000 0.010
1380.000 0.010
1390.000 0.011
1400.000 0.012
1410.000 0.013
1420.000 0.015
1430.000 0.016
1440.000 0.020
1450.000 0.029
1460.000 0.036
1470.000 0.061
1480.000 0.080
1490.000 0.099
1500.000 0.073
1510.000 0.042
1520.000 0.031
1530.000 0.029
1540.000 0.025
1550.000 0.025
1560.000 0.022
1570.000 0.022
1580.000 0.020
1590.000 0.021
1600.000 0.021
1610.000 0.021
1620.000 0.022
1630.000 0.023
1640.000 0.024
1650.000 0.025
1660.000 0.029
1670.000 0.030
1680.000 0.037
1690.000 0.047
1700.000 0.054
1710.000 0.079
1720.000 0.118
1730.000 0.132
1740.000 0.093
1750.000 0.067
1760.000 0.046
1770.000 0.036
1780.000 0.031
1790.000 0.027
1800.000 0.026
1810.000 0.024
1820.000 0.023
1830.000 0.023
1840.000 0.024
1850.000 0.023
1860.000 0.025
1870.000 0.027
1880.000 0.031
1890.000 0.038
1900.000 0.042
1910.000 0.058
1920.000 0.071
1930.000 0.106
1940.000 0.126
1950.000 0.105
1960.000 0.062
1970.000 0.044
1980.000 0.040
1990.000 0.032
2000.000 0.029
2010.000 0.025
2020.000 0.022
2030.000 0.021
2040.000 0.019
2050.000 0.019
2060.000 0.017
2070.000 0.016
2080.000 0.015
2090.000 0.015
2100.000 0.015
2110.000 0.013
2120.000 0.013
2130.000 0.013
2140.000 0.012
2150.000 0.012
2160.000 0.011
2170.000 0.011
2180.000 0.011
2190.000 0.011
2200.000 0.011
2210.000 0.010
2220.000 0.010
2230.000 0.010
2240.000 0.010
2250.000 0.010
2260.000 0.010
2270.000 0.010
2280.000 0.011
2290.000 0.011
2300.000 0.010
2310.000 0.011
2320.000 0.012
2330.000 0.012
2340.000 0.012
2350.000 0.014
2360.000 0.016
2370.000 0.017
2380.000 0.019
2390.000 0.023
2400.000 0.025
2410.000 0.032
2420.000 0.036
2430.000 0.047
2440.000 0.055
2450.000 0.072
2460.000 0.084
2470.000 0.082
2480.000 0.078
2490.000 0.069
2500.000 0.066
2510.000 0.064
2520.000 0.065
2530.000 0.067
2540.000 0.075
2550.000 0.081
2560.000 0.099
2570.000 0.114
2580.000 0.155
2590.000 0.175
2600.000 0.169
2610.000 0.109
2620.000 0.091
2630.000 0.067
2640.000 0.053
2650.000 0.049
2660.000 0.043
2670.000 0.041
2680.000 0.038
2690.000 0.037
2700.000 0.037
2710.000 0.037
2720.000 0.039
2730.000 0.043
2740.000 0.051
2750.000 0.057
2760.000 0.077
2770.000 0.090
2780.000 0.120
2790.000 0.093
2800.000 0.067
2810.000 0.042
2820.000 0.036
2830.000 0.027
2840.000 0.021
2850.000 0.019
2860.000 0.017
2870.000 0.016
2880.000 0.014
2890.000 0.013
2900.000 0.012
2910.000 0.012
2920.000 0.011
2930.000 0.011
2940.000 0.011
2950.000 0.011
2960.000 0.011
2970.000 0.012
2980.000 0.012
2990.000 0.013
3000.000 0.013
3010.000 0.014
3020.000 0.014
3030.000 0.017
3040.000 0.019
3050.000 0.021
3060.000 0.026
3070.000 0.028
3080.000 0.038
3090.000 0.055
3100.000 0.068
3110.000 0.104
3120.000 0.117
3130.000 0.090
3140.000 0.070
3150.000 0.052
3160.000 0.043
3170.000 0.041
3180.000 0.038
3190.000 0.038
3200.000 0.039
3210.000 0.043
3220.000 0.047
3230.000 0.059
3240.000 0.080
3250.000 0.095
3260.000 0.116
3270.000 0.101
3280.000 0.058
3290.000 0.040
3300.000 0.034
3310.000 0.028
3320.000 0.025
3330.000 0.023
3340.000 0.021
3350.000 0.020
3360.000 0.020
3370.000 0.021
3380.000 0.023
3390.000 0.027
3400.000 0.030
3410.000 0.034
3420.000 0.047
3430.000 0.051
3440.000 0.026
3450.000 0.020
3460.000 0.012
3470.000 0.010
3480.000 0.008
3490.000 0.006
3500.000 0.005
3510.000 0.005
3520.000 0.004
3530.000 0.004
3540.000 0.004
3550.000 0.003
3560.000 0.002
3570.000 0.003
3580.000 0.002
3590.000 0.003
3600.000 0.002
3610.000 0.003
3620.000 0.003
3630.000 0.002
3640.000 0.002
3650.000 0.002
3660.000 0.001
3670.000 0.003
3680.000 0.002
3690.000 0.002
3700.000 0.002
3710.000 0.002
3720.000 0.002
3730.000 0.002
3740.000 0.002
3750.000 0.002
3760.000 0.002
3770.000 0.002
3780.000 0.002
3790.000 0.002
3800.000 0.002
3810.000 0.002
3820.000 0.002
3830.000 0.002
3840.000 0.002
3850.000 0.002
3860.000 0.002
3870.000 0.003
3880.000 0.003
3890.000 0.004
3900.000 0.004
3910.000 0.005
3920.000 0.007
3930.000 0.011
3940.000 0.015
3950.000 0.021
3960.000 0.022
3970.000 0.015
3980.000 0.011
3990.000 0.010
4000.000 0.010
4010.000 0.009
4020.000 0.008
4030.000 0.008
4040.000 0.009
4050.000 0.009
4060.000 0.009
4070.000 0.010
4080.000 0.011
4090.000 0.012
4100.000 0.016
4110.000 0.019
4120.000 0.027
4130.000 0.041
4140.000 0.048
4150.000 0.038
4160.000 0.022
4170.000 0.018
4180.000 0.014
4190.000 0.014
4200.000 0.012
4210.000 0.011
4220.000 0.011
4230.000 0.012
4240.000 0.012
4250.000 0.014
4260.000 0.017
4270.000 0.020
4280.000 0.029
4290.000 0.032
4300.000 0.025
4310.000 0.013
4320.000 0.011
4330.000 0.008
4340.000 0.007
4350.000 0.006
4360.000 0.005
4370.000 0.004
4380.000 0.004
4390.000 0.003
4400.000 0.003
4410.000 0.002
4420.000 0.003
4430.000 0.003
4440.000 0.003
4450.000 0.003
4460.000 0.003
4470.000 0.002
4480.000 0.002
4490.000 0.002
4500.000 0.002
4510.000 0.003
4520.000 0.003
4530.000 0.003
4540.000 0.003
4550.000 0.002
4560.000 0.003
4570.000 0.003
4580.000 0.003
4590.000 0.003
4600.000 0.004
4610.000 0.004
4620.000 0.005
4630.000 0.005
4640.000 0.006
4650.000 0.008
4660.000 0.009
4670.000 0.013
4680.000 0.016
4690.000 0.023
4700.000 0.035
4710.000 0.040
4720.000 0.038
4730.000 0.032
4740.000 0.025
4750.000 0.022
4760.000 0.020
4770.000 0.019
4780.000 0.019
4790.000 0.019
4800.000 0.020
4810.000 0.022
4820.000 0.024
4830.000 0.029
4840.000 0.033
4850.000 0.045
4860.000 0.066
4870.000 0.078
4880.000 0.074
4890.000 0.056
4900.000 0.036
4910.000 0.031
4920.000 0.025
4930.000 0.021
4940.000 0.020
4950.000 0.019
4960.000 0.018
4970.000 0.019
4980.000 0.020
4990.000 0.020
5000.000 0.024
5010.000 0.029
5020.000 0.034
5030.000 0.046
5040.000 0.052
5050.000 0.043
5060.000 0.024
5070.000 0.019
5080.000 0.014
5090.000 0.011
5100.000 0.009
5110.000 0.008
5120.000 0.007
5130.000 0.006
5140.000 0.006
5150.000 0.005
5160.000 0.005
5170.000 0.005
5180.000 0.005
5190.000 0.004
5200.000 0.005
5210.000 0.005
5220.000 0.005
5230.000 0.005
5240.000 0.006
5250.000 0.006
5260.000 0.006
5270.000 0.008
5280.000 0.011
5290.000 0.013
5300.000 0.019
5310.000 0.023
5320.000 0.033
5330.000 0.035
5340.000 0.029
5350.000 0.021
5360.000 0.018
5370.000 0.016
5380.000 0.015
5390.000 0.015
5400.000 0.016
5410.000 0.017
5420.000 0.021
5430.000 0.027
5440.000 0.032
5450.000 0.034
5460.000 0.028
5470.000 0.016
5480.000 0.011
5490.000 0.010
5500.000 0.008
5510.000 0.008
5520.000 0.007
5530.000 0.007
5540.000 0.008
5550.000 0.010
5560.000 0.010
5570.000 0.008
5580.000 0.005
5590.000 0.003
5600.000 0.003
5610.000 0.002
5620.000 0.001
5630.000 0.001
5640.000 0.001
5650.000 0.002
5660.000 0.001
5670.000 0.001
5680.000 0.001
5690.000 0.001
5700.000 0.001
5710.000 0.001
5720.000 0.001
5730.000 0.001
5740.000 0.002
5750.000 0.001
5760.000 0.001
5770.000 0.001
5780.000 0.001
5790.000 0.001
5800.000 0.002
5810.000 0.001
5820.000 0.001
5830.000 0.001
5840.000 0.001
5850.000 0.001
5860.000 0.001
5870.000 0.001
5880.000 0.001
5890.000 0.001
5900.000 0.001
5910.000 0.001
5920.000 0.001
5930.000 0.001
5940.000 0.001
5950.000 0.001
5960.000 0.001
5970.000 0.001
5980.000 0.001
5990.000 0.002
6000.000 0.001
6010.000 0.001
6020.000 0.001
6030.000 0.001
6040.000 0.001
6050.000 0.001
6060.000 0.001
6070.000 0.001
6080.000 0.001
6090.000 0.001
6100.000 0.001
6110.000 0.001
6120.000 0.001
6130.000 0.001
6140.000 0.001
6150.000 0.001
6160.000 0.001
6170.000 0.001
6180.000 0.001
6190.000 0.001
6200.000 0.001
6210.000 0.001
6220.000 0.001
6230.000 0.001
6240.000 0.001
6250.000 0.001
6260.000 0.001
6270.000 0.001
6280.000 0.001
6290.000 0.001
6300.000 0.001
6310.000 0.001
6320.000 0.001
6330.000 0.001
6340.000 0.001
6350.000 0.001
6360.000 0.001
6370.000 0.001
6380.000 0.001
6390.000 0.001
6400.000 0.001
6410.000 0.001
6420.000 0.001
6430.000 0.001
6440.000 0.001
6450.000 0.001
6460.000 0.001
6470.000 0.001
6480.000 0.001
6490.000 0.001
6500.000 0.001
6510.000 0.001
6520.000 0.001
6530.000 0.001
6540.000 0.001
6550.000 0.001
6560.000 0.001
6570.000 0.001
6580.000 0.002
6590.000 0.001
6600.000 0.001
6610.000 0.002
6620.000 0.003
6630.000 0.003
6640.000 0.004
6650.000 0.005
6660.000 0.008
6670.000 0.010
6680.000 0.019
6690.000 0.034
6700.000 0.037
6710.000 0.034
6720.000 0.035
6730.000 0.037
6740.000 0.048
6750.000 0.056
6760.000 0.070
6770.000 0.056
6780.000 0.045
6790.000 0.035
6800.000 0.032
6810.000 0.029
6820.000 0.029
6830.000 0.029
6840.000 0.034
6850.000 0.041
6860.000 0.047
6870.000 0.063
6880.000 0.070
6890.000 0.065
6900.000 0.053
6910.000 0.036
6920.000 0.028
6930.000 0.025
6940.000 0.022
6950.000 0.022
6960.000 0.020
6970.000 0.020
6980.000 0.020
6990.000 0.022
7000.000 0.024
7010.000 0.028
7020.000 0.031
7030.000 0.041
7040.000 0.055
7050.000 0.061
7060.000 0.059
7070.000 0.041
7080.000 0.034
7090.000 0.027
7100.000 0.025
7110.000 0.021
7120.000 0.019
7130.000 0.019
7140.000 0.019
7150.000 0.019
7160.000 0.020
7170.000 0.023
7180.000 0.024
7190.000 0.030
7200.000 0.034
7210.000 0.045
7220.000 0.051
7230.000 0.054
7240.000 0.040
7250.000 0.033
7260.000 0.024
7270.000 0.020
7280.000 0.019
7290.000 0.016
7300.000 0.016
7310.000 0.015
7320.000 0.015
7330.000 0.015
7340.000 0.016
7350.000 0.017
7360.000 0.020
7370.000 0.026
7380.000 0.029
7390.000 0.037
7400.000 0.040
7410.000 0.035
7420.000 0.024
7430.000 0.020
7440.000 0.016
7450.000 0.015
7460.000 0.012
7470.000 0.011
7480.000 0.011
7490.000 0.010
7500.000 0.011
7510.000 0.011
7520.000 0.012
7530.000 0.014
7540.000 0.017
7550.000 0.019
7560.000 0.024
7570.000 0.024
7580.000 0.021
7590.000 0.016
7600.000 0.012
7610.000 0.009
7620.000 0.007
7630.000 0.006
7640.000 0.006
7650.000 0.006
7660.000 0.005
7670.000 0.005
7680.000 0.005
7690.000 0.006
7700.000 0.006
7710.000 0.007
7720.000 0.009
7730.000 0.011
7740.000 0.011
7750.000 0.011
7760.000 0.007
7770.000 0.005
7780.000 0.005
7790.000 0.004
7800.000 0.004
7810.000 0.004
7820.000 0.004
7830.000 0.004
7840.000 0.005
7850.000 0.004
7860.000 0.003
7870.000 0.002
7880.000 0.002
7890.000 0.002
7900.000 0.001
7910.000 0.001
7920.000 0.002
7930.000 0.001
7940.000 0.001
7950.000 0.001
7960.000 0.001
7970.000 0.001
7980.000 0.001
7990.000 0.001
8000.000 0.001
8010.000 0.001
8020.000 0.001
8030.000 0.001
8040.000 0.001
8050.000 0.001
8060.000 0.001
8070.000 0.001
8080.000 0.001
8090.000 0.001
8100.000 0.001
8110.000 0.001
8120.000 0.001
8130.000 0.001
8140.000 0.001
8150.000 0.001
8160.000 0.001
8170.000 0.001
8180.000 0.001
8190.000 0.001
8200.000 0.001
8210.000 0.001
8220.000 0.001
8230.000 0.001
8240.000 0.001
8250.000 0.001
8260.000 0.001
8270.000 0.001
8280.000 0.001
8290.000 0.001
8300.000 0.001
8310.000 0.001
8320.000 0.001
8330.000 0.001
8340.000 0.001
8350.000 0.001
8360.000 0.001
8370.000 0.001
8380.000 0.001
8390.000 0.001
8400.000 0.001
8410.000 0.001
8420.000 0.001
8430.000 0.001
8440.000 0.001
8450.000 0.001
8460.000 0.001
8470.000 0.001
8480.000 0.001
8490.000 0.001
8500.000 0.001
8510.000 0.001
8520.000 0.002
8530.000 0.001
8540.000 0.001
8550.000 0.001
8560.000 0.001
8570.000 0.001
8580.000 0.001
8590.000 0.002
8600.000 0.001
8610.000 0.001
8620.000 0.001
8630.000 0.001
8640.000 0.001
8650.000 0.001
8660.000 0.001
8670.000 0.001
8680.000 0.001
8690.000 0.001
8700.000 0.001
8710.000 0.001
8720.000 0.001
8730.000 0.001
8740.000 0.001
8750.000 0.001
8760.000 0.001
8770.000 0.001
8780.000 0.001
8790.000 0.001
8800.000 0.002
8810.000 0.001
8820.000 0.001
8830.000 0.002
8840.000 0.001
8850.000 0.001
8860.000 0.001
8870.000 0.001
8880.000 0.001
8890.000 0.001
8900.000 0.001
8910.000 0.001
8920.000 0.001
8930.000 0.001
8940.000 0.001
8950.000 0.001
8960.000 0.001
8970.000 0.001
8980.000 0.001
8990.000 0.001
9000.000 0.001
9010.000 0.002
9020.000 0.001
9030.000 0.002
9040.000 0.004
9050.000 0.006
9060.000 0.006
9070.000 0.007
9080.000 0.008
9090.000 0.010
9100.000 0.012
9110.000 0.014
9120.000 0.012
9130.000 0.009
9140.000 0.008
9150.000 0.008
9160.000 0.008
9170.000 0.009
9180.000 0.009
9190.000 0.007
9200.000 0.006
9210.000 0.004
9220.000 0.003
9230.000 0.002
9240.000 0.003
9250.000 0.002
9260.000 0.002
9270.000 0.001
9280.000 0.001
9290.000 0.001
9300.000 0.002
9310.000 0.001
9320.000 0.002
9330.000 0.001
9340.000 0.002
9350.000 0.001
9360.000 0.001
9370.000 0.001
9380.000 0.002
9390.000 0.002
9400.000 0.002
9410.000 0.002
9420.000 0.002
9430.000 0.003
9440.000 0.003
9450.000 0.003
9460.000 0.005
9470.000 0.005
9480.000 0.008
9490.000 0.009
9500.000 0.012
9510.000 0.013
9520.000 0.011
9530.000 0.010
9540.000 0.011
9550.000 0.012
9560.000 0.013
9570.000 0.012
9580.000 0.010
9590.000 0.009
9600.000 0.007
9610.000 0.006
9620.000 0.007
9630.000 0.007
9640.000 0.007
9650.000 0.006
9660.000 0.005
9670.000 0.003
9680.000 0.002
9690.000 0.002
9700.000 0.002
9710.000 0.001
9720.000 0.001
9730.000 0.001
9740.000 0.001
9750.000 0.002
9760.000 0.002
9770.000 0.001
9780.000 0.001
9790.000 0.001
9800.000 0.001
9810.000 0.001
9820.000 0.002
9830.000 0.001
9840.000 0.001
9850.000 0.001
9860.000 0.001
9870.000 0.001
9880.000 0.001
9890.000 0.001
9900.000 0.001
9910.000 0.001
9920.000 0.001
9930.000 0.001
9940.000 0.001
9950.000 0.002
9960.000 0.002
9970.000 0.002
9980.000 0.001
9990.000 0.002
10000.000 0.001
10010.000 0.001
10020.000 0.001
10030.000 0.001
10040.000 0.002
10050.000 0.001
10060.000 0.001
10070.000 0.001
10080.000 0.001
10090.000 0.001
10100.000 0.001
10110.000 0.001
10120.000 0.001
10130.000 0.001
10140.000 0.001
10150.000 0.001
10160.000 0.001
10170.000 0.001
10180.000 0.002
10190.000 0.002
10200.000 0.002
10210.000 0.002
10220.000 0.001
10230.000 0.001
10240.000 0.002
10250.000 0.001
10260.000 0.001
10270.000 0.001
10280.000 0.002
10290.000 0.002
10300.000 0.002
10310.000 0.001
10320.000 0.001
10330.000 0.001
10340.000 0.001
10350.000 0.001
10360.000 0.002
10370.000 0.001
10380.000 0.001
10390.000 0.001
10400.000 0.001
10410.000 0.001
10420.000 0.001
10430.000 0.001
10440.000 0.002
10450.000 0.003
10460.000 0.003
10470.000 0.004
10480.000 0.005
10490.000 0.005
10500.000 0.006
10510.000 0.005
10520.000 0.003
10530.000 0.003
10540.000 0.003
10550.000 0.002
10560.000 0.001
10570.000 0.001
10580.000 0.002
10590.000 0.001
10600.000 0.001
10610.000 0.001
10620.000 0.002
10630.000 0.002
10640.000 0.001
10650.000 0.001
10660.000 0.002
10670.000 0.001
10680.000 0.001
10690.000 0.001
10700.000 0.002
10710.000 0.001
10720.000 0.001
10730.000 0.002
10740.000 0.002
10750.000 0.002
10760.000 0.001
10770.000 0.001
10780.000 0.002
10790.000 0.002
10800.000 0.002
10810.000 0.001
10820.000 0.002
10830.000 0.002
10840.000 0.001
10850.000 0.001
10860.000 0.001
10870.000 0.002
10880.000 0.001
10890.000 0.002
10900.000 0.001
10910.000 0.002
10920.000 0.002
10930.000 0.001
10940.000 0.002
10950.000 0.001
10960.000 0.002
10970.000 0.002
10980.000 0.002
10990.000 0.001
11000.000 0.002
11010.000 0.002
11020.000 0.001
11030.000 0.002
11040.000 0.001
11050.000 0.001
11060.000 0.001
11070.000 0.002
11080.000 0.001
11090.000 0.002
11100.000 0.002
11110.000 0.002
11120.000 0.002
11130.000 0.002
11140.000 0.001
11150.000 0.002
11160.000 0.002
11170.000 0.002
11180.000 0.001
11190.000 0.002
11200.000 0.002
11210.000 0.002
11220.000 0.002
11230.000 0.002
11240.000 0.003
11250.000 0.003
11260.000 0.003
11270.000 0.004
11280.000 0.004
11290.000 0.004
11300.000 0.003
11310.000 0.003
11320.000 0.003
11330.000 0.004
11340.000 0.004
11350.000 0.005
11360.000 0.005
11370.000 0.005
11380.000 0.005
11390.000 0.004
11400.000 0.004
11410.000 0.005
11420.000 0.005
11430.000 0.006
11440.000 0.006
11450.000 0.006
11460.000 0.004
11470.000 0.003
11480.000 0.003
11490.000 0.003
11500.000 0.002
11510.000 0.002
11520.000 0.002
11530.000 0.001
11540.000 0.002
11550.000 0.002
11560.000 0.002
11570.000 0.002
11580.000 0.002
11590.000 0.002
11600.000 0.001
11610.000 0.002
11620.000 0.002
11630.000 0.002
11640.000 0.001
11650.000 0.001
11660.000 0.002
11670.000 0.001
11680.000 0.001
11690.000 0.001
11700.000 0.001
11710.000 0.002
11720.000 0.001
11730.000 0.003
11740.000 0.003
11750.000 0.004
11760.000 0.004
11770.000 0.004
11780.000 0.005
11790.000 0.006
11800.000 0.006
11810.000 0.006
11820.000 0.004
11830.000 0.004
11840.000 0.003
11850.000 0.002
11860.000 0.001
11870.000 0.001
11880.000 0.001
11890.000 0.001
11900.000 0.002
11910.000 0.002
11920.000 0.002
11930.000 0.002
11940.000 0.002
11950.000 0.002
11960.000 0.002
11970.000 0.001
11980.000 0.002
11990.000 0.002
12000.000 0.002
